-8.5
-8.497874468617153
-8.495748937234309
-8.493623405851462
-8.491497874468617
-8.48937234308577
-8.487246811702926
-8.48512128032008
-8.482995748937235
-8.480870217554388
-8.478744686171543
-8.476619154788697
-8.474493623405852
-8.472368092023006
-8.47024256064016
-8.468117029257314
-8.46599149787447
-8.463865966491623
-8.461740435108776
-8.459614903725932
-8.457489372343085
-8.45536384096024
-8.453238309577394
-8.451112778194549
-8.448987246811702
-8.446861715428858
-8.444736184046011
-8.442610652663166
-8.44048512128032
-8.438359589897475
-8.436234058514628
-8.434108527131784
-8.431982995748937
-8.429857464366092
-8.427731932983246
-8.4256064016004
-8.423480870217555
-8.421355338834708
-8.419229807451863
-8.417104276069017
-8.414978744686172
-8.412853213303325
-8.41072768192048
-8.408602150537634
-8.40647661915479
-8.404351087771943
-8.402225556389098
-8.400100025006251
-8.397974493623407
-8.39584896224056
-8.393723430857714
-8.391597899474869
-8.389472368092022
-8.387346836709177
-8.385221305326331
-8.383095773943486
-8.38097024256064
-8.378844711177795
-8.376719179794948
-8.374593648412104
-8.372468117029257
-8.370342585646412
-8.368217054263566
-8.36609152288072
-8.363965991497874
-8.36184046011503
-8.359714928732183
-8.357589397349336
-8.355463865966492
-8.353338334583645
-8.3512128032008
-8.349087271817954
-8.346961740435109
-8.344836209052263
-8.342710677669418
-8.340585146286571
-8.338459614903726
-8.33633408352088
-8.334208552138035
-8.332083020755189
-8.329957489372344
-8.327831957989497
-8.325706426606652
-8.323580895223806
-8.32145536384096
-8.319329832458115
-8.317204301075268
-8.315078769692423
-8.312953238309577
-8.310827706926732
-8.308702175543885
-8.30657664416104
-8.304451112778194
-8.30232558139535
-8.300200050012503
-8.298074518629658
-8.295948987246812
-8.293823455863967
-8.29169792448112
-8.289572393098275
-8.287446861715429
-8.285321330332582
-8.283195798949738
-8.281070267566891
-8.278944736184046
-8.2768192048012
-8.274693673418355
-8.272568142035508
-8.270442610652664
-8.268317079269817
-8.266191547886972
-8.264066016504126
-8.261940485121281
-8.259814953738434
-8.25768942235559
-8.255563890972743
-8.253438359589897
-8.251312828207052
-8.249187296824205
-8.24706176544136
-8.244936234058514
-8.24281070267567
-8.240685171292823
-8.238559639909978
-8.236434108527131
-8.234308577144287
-8.23218304576144
-8.230057514378595
-8.227931982995749
-8.225806451612904
-8.223680920230057
-8.221555388847213
-8.219429857464366
-8.21730432608152
-8.215178794698675
-8.213053263315828
-8.210927731932983
-8.208802200550137
-8.206676669167292
-8.204551137784446
-8.2024256064016
-8.200300075018754
-8.19817454363591
-8.196049012253063
-8.193923480870218
-8.191797949487372
-8.189672418104527
-8.18754688672168
-8.185421355338836
-8.183295823955989
-8.181170292573142
-8.179044761190298
-8.176919229807451
-8.174793698424606
-8.17266816704176
-8.170542635658915
-8.168417104276068
-8.166291572893224
-8.164166041510377
-8.162040510127532
-8.159914978744686
-8.157789447361841
-8.155663915978995
-8.15353838459615
-8.151412853213303
-8.149287321830457
-8.147161790447612
-8.145036259064765
-8.14291072768192
-8.140785196299074
-8.13865966491623
-8.136534133533383
-8.134408602150538
-8.132283070767691
-8.130157539384847
-8.128032008002
-8.125906476619155
-8.123780945236309
-8.121655413853464
-8.119529882470617
-8.117404351087773
-8.115278819704926
-8.113153288322081
-8.111027756939235
-8.108902225556388
-8.106776694173544
-8.104651162790697
-8.102525631407852
-8.100400100025006
-8.09827456864216
-8.096149037259314
-8.09402350587647
-8.091897974493623
-8.089772443110778
-8.087646911727932
-8.085521380345087
-8.08339584896224
-8.081270317579396
-8.079144786196549
-8.077019254813703
-8.074893723430858
-8.072768192048011
-8.070642660665166
-8.06851712928232
-8.066391597899475
-8.064266066516629
-8.062140535133784
-8.060015003750937
-8.057889472368092
-8.055763940985246
-8.053638409602401
-8.051512878219555
-8.04938734683671
-8.047261815453863
-8.045136284071019
-8.043010752688172
-8.040885221305325
-8.03875968992248
-8.036634158539634
-8.03450862715679
-8.032383095773943
-8.030257564391098
-8.028132033008252
-8.026006501625407
-8.02388097024256
-8.021755438859715
-8.019629907476869
-8.017504376094024
-8.015378844711178
-8.013253313328333
-8.011127781945486
-8.009002250562641
-8.006876719179795
-8.004751187796948
-8.002625656414104
-8.000500125031257
-7.998374593648412
-7.996249062265567
-7.994123530882721
-7.991997999499874
-7.98987246811703
-7.987746936734183
-7.9856214053513375
-7.983495873968492
-7.981370342585646
-7.9792448112028005
-7.977119279819955
-7.974993748437109
-7.9728682170542635
-7.970742685671418
-7.968617154288572
-7.9664916229057265
-7.964366091522881
-7.962240560140035
-7.96011502875719
-7.957989497374344
-7.955863965991497
-7.953738434608652
-7.951612903225806
-7.94948737184296
-7.947361840460115
-7.945236309077269
-7.943110777694423
-7.940985246311578
-7.938859714928732
-7.9367341835458864
-7.934608652163041
-7.932483120780195
-7.9303575893973495
-7.928232058014504
-7.926106526631658
-7.9239809952488125
-7.921855463865967
-7.91972993248312
-7.917604401100275
-7.915478869717429
-7.913353338334583
-7.911227806951738
-7.909102275568892
-7.906976744186046
-7.904851212803201
-7.902725681420355
-7.900600150037509
-7.898474618654664
-7.896349087271818
-7.894223555888972
-7.892098024506127
-7.889972493123281
-7.8878469617404345
-7.88572143035759
-7.883595898974743
-7.881470367591898
-7.879344836209052
-7.877219304826206
-7.875093773443361
-7.872968242060515
-7.870842710677669
-7.868717179294824
-7.866591647911978
-7.864466116529132
-7.862340585146287
-7.860215053763441
-7.858089522380595
-7.85596399099775
-7.853838459614904
-7.8517129282320575
-7.849587396849213
-7.847461865466366
-7.8453363340835205
-7.843210802700675
-7.841085271317829
-7.8389597399349835
-7.836834208552138
-7.834708677169292
-7.8325831457864465
-7.830457614403601
-7.828332083020755
-7.82620655163791
-7.824081020255064
-7.821955488872218
-7.819829957489373
-7.817704426106527
-7.81557889472368
-7.813453363340836
-7.811327831957989
-7.809202300575143
-7.807076769192298
-7.804951237809452
-7.8028257064266064
-7.800700175043761
-7.798574643660915
-7.7964491122780695
-7.794323580895224
-7.792198049512378
-7.7900725181295325
-7.787946986746687
-7.785821455363841
-7.7836959239809955
-7.78157039259815
-7.779444861215303
-7.777319329832458
-7.775193798449612
-7.773068267066766
-7.770942735683921
-7.768817204301075
-7.766691672918229
-7.764566141535384
-7.762440610152538
-7.760315078769692
-7.758189547386847
-7.756064016004001
-7.753938484621155
-7.75181295323831
-7.749687421855464
-7.7475618904726185
-7.745436359089773
-7.743310827706926
-7.741185296324081
-7.739059764941235
-7.736934233558389
-7.734808702175544
-7.732683170792698
-7.730557639409852
-7.728432108027007
-7.726306576644161
-7.724181045261315
-7.72205551387847
-7.719929982495624
-7.717804451112778
-7.715678919729933
-7.713553388347087
-7.7114278569642405
-7.709302325581396
-7.707176794198549
-7.7050512628157035
-7.702925731432858
-7.700800200050012
-7.6986746686671665
-7.696549137284321
-7.694423605901475
-7.69229807451863
-7.690172543135784
-7.688047011752938
-7.685921480370093
-7.683795948987247
-7.681670417604401
-7.679544886221556
-7.67741935483871
-7.675293823455863
-7.673168292073018
-7.671042760690172
-7.6689172293073264
-7.666791697924481
-7.664666166541635
-7.6625406351587895
-7.660415103775944
-7.658289572393098
-7.6561640410102525
-7.654038509627407
-7.651912978244561
-7.6497874468617155
-7.64766191547887
-7.645536384096024
-7.6434108527131785
-7.641285321330333
-7.639159789947486
-7.637034258564642
-7.634908727181795
-7.632783195798949
-7.630657664416104
-7.628532133033258
-7.626406601650412
-7.624281070267567
-7.622155538884721
-7.620030007501875
-7.61790447611903
-7.615778944736184
-7.6136534133533385
-7.611527881970493
-7.609402350587647
-7.607276819204801
-7.605151287821956
-7.603025756439109
-7.600900225056264
-7.598774693673418
-7.596649162290572
-7.594523630907727
-7.592398099524881
-7.590272568142035
-7.58814703675919
-7.586021505376344
-7.583895973993498
-7.581770442610653
-7.579644911227807
-7.577519379844961
-7.575393848462116
-7.57326831707927
-7.571142785696424
-7.569017254313579
-7.566891722930732
-7.5647661915478865
-7.562640660165041
-7.560515128782195
-7.55838959739935
-7.556264066016504
-7.554138534633658
-7.552013003250813
-7.549887471867967
-7.547761940485121
-7.545636409102276
-7.54351087771943
-7.541385346336584
-7.539259814953739
-7.537134283570893
-7.535008752188046
-7.532883220805202
-7.530757689422355
-7.5286321580395095
-7.526506626656664
-7.524381095273818
-7.5222555638909725
-7.520130032508127
-7.518004501125281
-7.5158789697424355
-7.51375343835959
-7.511627906976744
-7.5095023755938985
-7.507376844211053
-7.505251312828207
-7.503125781445362
-7.501000250062516
-7.498874718679669
-7.496749187296825
-7.494623655913978
-7.492498124531132
-7.490372593148287
-7.488247061765441
-7.486121530382595
-7.48399599899975
-7.481870467616904
-7.4797449362340584
-7.477619404851213
-7.475493873468367
-7.4733683420855215
-7.471242810702676
-7.46911727931983
-7.466991747936984
-7.464866216554139
-7.462740685171292
-7.4606151537884475
-7.458489622405601
-7.456364091022755
-7.45423855963991
-7.452113028257064
-7.449987496874218
-7.447861965491373
-7.445736434108527
-7.443610902725681
-7.441485371342836
-7.43935983995999
-7.437234308577144
-7.435108777194298
-7.432983245811453
-7.430857714428607
-7.428732183045762
-7.426606651662915
-7.42448112028007
-7.422355588897224
-7.420230057514378
-7.418104526131533
-7.415978994748687
-7.413853463365841
-7.411727931982996
-7.40960240060015
-7.407476869217304
-7.405351337834459
-7.403225806451613
-7.401100275068767
-7.398974743685922
-7.396849212303076
-7.3947236809202295
-7.392598149537385
-7.390472618154538
-7.388347086771693
-7.386221555388847
-7.384096024006001
-7.3819704926231555
-7.37984496124031
-7.377719429857464
-7.3755938984746185
-7.373468367091773
-7.371342835708927
-7.369217304326082
-7.367091772943236
-7.36496624156039
-7.362840710177545
-7.360715178794699
-7.358589647411852
-7.356464116029007
-7.354338584646161
-7.352213053263316
-7.35008752188047
-7.347961990497624
-7.3458364591147784
-7.343710927731933
-7.341585396349087
-7.3394598649662415
-7.337334333583396
-7.33520880220055
-7.3330832708177045
-7.330957739434859
-7.328832208052013
-7.3267066766691675
-7.324581145286322
-7.322455613903475
-7.3203300825206306
-7.318204551137784
-7.316079019754938
-7.313953488372093
-7.311827956989247
-7.309702425606401
-7.307576894223556
-7.30545136284071
-7.303325831457864
-7.301200300075019
-7.299074768692173
-7.296949237309327
-7.294823705926482
-7.292698174543636
-7.29057264316079
-7.288447111777945
-7.286321580395098
-7.2841960490122535
-7.282070517629407
-7.279944986246561
-7.277819454863716
-7.27569392348087
-7.273568392098024
-7.271442860715179
-7.269317329332333
-7.267191797949487
-7.265066266566642
-7.262940735183796
-7.26081520380095
-7.258689672418105
-7.256564141035259
-7.2544386096524125
-7.252313078269568
-7.250187546886721
-7.248062015503876
-7.24593648412103
-7.243810952738184
-7.2416854213553385
-7.239559889972493
-7.237434358589647
-7.235308827206802
-7.233183295823956
-7.23105776444111
-7.228932233058265
-7.226806701675419
-7.224681170292573
-7.222555638909727
-7.220430107526882
-7.218304576144035
-7.216179044761191
-7.214053513378344
-7.2119279819954984
-7.209802450612653
-7.207676919229807
-7.2055513878469615
-7.203425856464116
-7.20130032508127
-7.1991747936984245
-7.197049262315579
-7.194923730932733
-7.1927981995498875
-7.190672668167042
-7.188547136784196
-7.18642160540135
-7.184296074018505
-7.182170542635658
-7.180045011252814
-7.177919479869967
-7.175793948487121
-7.173668417104276
-7.17154288572143
-7.169417354338584
-7.167291822955739
-7.165166291572893
-7.163040760190047
-7.160915228807202
-7.158789697424356
-7.1566641660415105
-7.154538634658665
-7.152413103275819
-7.150287571892973
-7.148162040510128
-7.146036509127281
-7.1439109777444365
-7.14178544636159
-7.139659914978744
-7.137534383595899
-7.135408852213053
-7.133283320830207
-7.131157789447362
-7.129032258064516
-7.12690672668167
-7.124781195298825
-7.122655663915979
-7.120530132533133
-7.118404601150287
-7.116279069767442
-7.1141535383845955
-7.112028007001751
-7.109902475618904
-7.1077769442360585
-7.105651412853213
-7.103525881470367
-7.101400350087522
-7.099274818704676
-7.09714928732183
-7.095023755938985
-7.092898224556139
-7.090772693173293
-7.088647161790448
-7.086521630407602
-7.084396099024756
-7.08227056764191
-7.080145036259065
-7.078019504876219
-7.075893973493374
-7.073768442110527
-7.0716429107276815
-7.069517379344836
-7.06739184796199
-7.0652663165791445
-7.063140785196299
-7.061015253813453
-7.0588897224306075
-7.056764191047762
-7.054638659664916
-7.0525131282820706
-7.050387596899225
-7.048262065516379
-7.046136534133533
-7.044011002750688
-7.041885471367841
-7.039759939984996
-7.03763440860215
-7.035508877219304
-7.033383345836459
-7.031257814453613
-7.029132283070767
-7.027006751687922
-7.024881220305076
-7.0227556889222305
-7.020630157539385
-7.018504626156539
-7.0163790947736935
-7.014253563390847
-7.012128032008002
-7.0100025006251565
-7.007876969242311
-7.005751437859464
-7.003625906476619
-7.001500375093773
-6.999374843710928
-6.997249312328082
-6.995123780945236
-6.99299824956239
-6.990872718179545
-6.988747186796699
-6.986621655413853
-6.984496124031008
-6.982370592648162
-6.980245061265316
-6.978119529882471
-6.975993998499625
-6.9738684671167785
-6.971742935733934
-6.969617404351087
-6.9674918729682425
-6.965366341585396
-6.96324081020255
-6.961115278819705
-6.958989747436859
-6.956864216054013
-6.954738684671168
-6.952613153288322
-6.950487621905476
-6.948362090522631
-6.946236559139785
-6.944111027756939
-6.941985496374094
-6.939859964991248
-6.9377344336084015
-6.935608902225556
-6.93348337084271
-6.931357839459865
-6.929232308077019
-6.927106776694173
-6.9249812453113275
-6.922855713928482
-6.920730182545636
-6.9186046511627906
-6.916479119779945
-6.914353588397099
-6.912228057014254
-6.910102525631408
-6.907976994248562
-6.905851462865717
-6.903725931482871
-6.901600400100024
-6.89947486871718
-6.897349337334333
-6.895223805951488
-6.893098274568642
-6.890972743185796
-6.8888472118029505
-6.886721680420105
-6.884596149037259
-6.8824706176544135
-6.880345086271568
-6.878219554888722
-6.8760940235058765
-6.873968492123031
-6.871842960740185
-6.869717429357339
-6.867591897974494
-6.865466366591647
-6.863340835208803
-6.861215303825956
-6.85908977244311
-6.856964241060265
-6.854838709677419
-6.852713178294573
-6.850587646911728
-6.848462115528882
-6.846336584146036
-6.844211052763191
-6.842085521380345
-6.839959989997499
-6.837834458614654
-6.835708927231808
-6.833583395848962
-6.831457864466117
-6.82933233308327
-6.8272068017004255
-6.825081270317579
-6.822955738934733
-6.820830207551888
-6.818704676169042
-6.816579144786196
-6.814453613403351
-6.812328082020505
-6.810202550637659
-6.808077019254814
-6.805951487871968
-6.803825956489122
-6.801700425106277
-6.799574893723431
-6.7974493623405845
-6.79532383095774
-6.793198299574893
-6.7910727681920475
-6.788947236809202
-6.786821705426356
-6.7846961740435106
-6.782570642660665
-6.780445111277819
-6.778319579894974
-6.776194048512128
-6.774068517129282
-6.771942985746437
-6.769817454363591
-6.767691922980745
-6.765566391597899
-6.763440860215054
-6.761315328832207
-6.759189797449363
-6.757064266066516
-6.7549387346836705
-6.752813203300825
-6.750687671917979
-6.7485621405351335
-6.746436609152288
-6.744311077769442
-6.7421855463865965
-6.740060015003751
-6.737934483620905
-6.7358089522380595
-6.733683420855214
-6.731557889472368
-6.729432358089522
-6.727306826706677
-6.72518129532383
-6.723055763940986
-6.720930232558139
-6.718804701175293
-6.716679169792448
-6.714553638409602
-6.712428107026756
-6.710302575643911
-6.708177044261065
-6.706051512878219
-6.703925981495374
-6.701800450112528
-6.6996749187296825
-6.697549387346837
-6.695423855963991
-6.693298324581145
-6.6911727931983
-6.689047261815453
-6.686921730432608
-6.684796199049762
-6.682670667666916
-6.680545136284071
-6.678419604901225
-6.676294073518379
-6.674168542135534
-6.672043010752688
-6.669917479369842
-6.667791947986997
-6.665666416604151
-6.663540885221305
-6.661415353838459
-6.659289822455614
-6.6571642910727675
-6.655038759689923
-6.652913228307076
-6.6507876969242306
-6.648662165541385
-6.646536634158539
-6.644411102775694
-6.642285571392848
-6.640160040010002
-6.638034508627157
-6.635908977244311
-6.633783445861465
-6.63165791447862
-6.629532383095774
-6.627406851712928
-6.625281320330082
-6.623155788947237
-6.6210302575643905
-6.618904726181546
-6.616779194798699
-6.6146536634158535
-6.612528132033008
-6.610402600650162
-6.6082770692673165
-6.606151537884471
-6.604026006501625
-6.6019004751187795
-6.599774943735934
-6.597649412353088
-6.595523880970243
-6.593398349587396
-6.591272818204551
-6.589147286821706
-6.58702175543886
-6.584896224056013
-6.582770692673168
-6.580645161290322
-6.578519629907477
-6.576394098524631
-6.574268567141785
-6.572143035758939
-6.570017504376094
-6.567891972993248
-6.5657664416104025
-6.563640910227557
-6.561515378844711
-6.5593898474618655
-6.557264316079019
-6.555138784696174
-6.5530132533133285
-6.550887721930483
-6.548762190547636
-6.546636659164791
-6.544511127781945
-6.542385596399099
-6.540260065016254
-6.538134533633408
-6.536009002250562
-6.533883470867717
-6.531757939484871
-6.529632408102025
-6.52750687671918
-6.525381345336334
-6.523255813953488
-6.521130282570643
-6.519004751187797
-6.5168792198049506
-6.514753688422106
-6.512628157039259
-6.5105026256564145
-6.508377094273568
-6.506251562890722
-6.504126031507877
-6.502000500125031
-6.499874968742185
-6.49774943735934
-6.495623905976494
-6.493498374593648
-6.491372843210803
-6.489247311827957
-6.487121780445111
-6.484996249062265
-6.48287071767942
-6.4807451862965735
-6.478619654913729
-6.476494123530882
-6.474368592148037
-6.472243060765191
-6.470117529382345
-6.4679919979994995
-6.465866466616654
-6.463740935233808
-6.461615403850963
-6.459489872468117
-6.45736434108527
-6.455238809702426
-6.45311327831958
-6.450987746936734
-6.448862215553888
-6.446736684171043
-6.444611152788196
-6.442485621405352
-6.440360090022505
-6.43823455863966
-6.436109027256814
-6.433983495873968
-6.4318579644911225
-6.429732433108277
-6.427606901725431
-6.4254813703425855
-6.42335583895974
-6.421230307576894
-6.4191047761940485
-6.416979244811203
-6.414853713428357
-6.412728182045511
-6.410602650662666
-6.408477119279819
-6.406351587896975
-6.404226056514128
-6.402100525131283
-6.399974993748437
-6.397849462365591
-6.395723930982745
-6.3935983995999
-6.391472868217054
-6.389347336834208
-6.387221805451363
-6.385096274068517
-6.382970742685671
-6.380845211302825
-6.37871967991998
-6.376594148537134
-6.374468617154289
-6.372343085771442
-6.370217554388597
-6.368092023005751
-6.365966491622905
-6.36384096024006
-6.361715428857215
-6.359589897474368
-6.357464366091523
-6.355338834708677
-6.353213303325831
-6.351087771942986
-6.348962240560139
-6.346836709177294
-6.344711177794448
-6.342585646411603
-6.3404601150287565
-6.338334583645912
-6.336209052263065
-6.33408352088022
-6.331957989497374
-6.329832458114528
-6.327706926731683
-6.325581395348837
-6.323455863965991
-6.321330332583146
-6.3192048012003
-6.317079269817454
-6.314953738434609
-6.312828207051762
-6.310702675668917
-6.308577144286071
-6.306451612903226
-6.304326081520379
-6.302200550137535
-6.300075018754688
-6.297949487371843
-6.295823955988997
-6.293698424606151
-6.2915728932233055
-6.28944736184046
-6.287321830457614
-6.2851962990747685
-6.283070767691923
-6.280945236309077
-6.2788197049262315
-6.276694173543386
-6.27456864216054
-6.272443110777694
-6.270317579394849
-6.268192048012002
-6.266066516629158
-6.263940985246311
-6.261815453863466
-6.25968992248062
-6.257564391097774
-6.255438859714928
-6.253313328332083
-6.251187796949237
-6.2490622655663906
-6.246936734183546
-6.2448112028007
-6.2426856714178545
-6.240560140035009
-6.238434608652163
-6.236309077269317
-6.234183545886472
-6.232058014503625
-6.2299324831207805
-6.227806951737934
-6.225681420355089
-6.223555888972243
-6.221430357589397
-6.219304826206551
-6.217179294823706
-6.21505376344086
-6.2129282320580135
-6.210802700675169
-6.208677169292322
-6.206551637909477
-6.204426106526632
-6.202300575143786
-6.2001750437609395
-6.198049512378095
-6.195923980995248
-6.193798449612403
-6.191672918229557
-6.189547386846712
-6.187421855463866
-6.18529632408102
-6.183170792698174
-6.181045261315329
-6.178919729932483
-6.176794198549637
-6.174668667166792
-6.172543135783945
-6.1704176044011
-6.168292073018255
-6.166166541635409
-6.1640410102525625
-6.161915478869718
-6.159789947486871
-6.1576644161040255
-6.15553888472118
-6.153413353338335
-6.1512878219554885
-6.149162290572643
-6.147036759189797
-6.1449112278069515
-6.142785696424106
-6.14066016504126
-6.138534633658415
-6.136409102275568
-6.134283570892723
-6.132158039509877
-6.130032508127032
-6.127906976744185
-6.125781445361341
-6.123655913978494
-6.121530382595648
-6.119404851212803
-6.117279319829957
-6.115153788447111
-6.113028257064266
-6.11090272568142
-6.1087771942985745
-6.106651662915729
-6.104526131532883
-6.1024006001500375
-6.100275068767191
-6.098149537384346
-6.0960240060015
-6.093898474618655
-6.091772943235808
-6.0896474118529635
-6.087521880470117
-6.085396349087271
-6.083270817704426
-6.08114528632158
-6.079019754938734
-6.076894223555889
-6.074768692173043
-6.072643160790197
-6.070517629407352
-6.068392098024506
-6.06626656664166
-6.064141035258814
-6.062015503875969
-6.059889972493123
-6.057764441110278
-6.055638909727431
-6.0535133783445865
-6.05138784696174
-6.049262315578894
-6.047136784196049
-6.045011252813203
-6.042885721430357
-6.040760190047512
-6.038634658664666
-6.03650912728182
-6.034383595898975
-6.032258064516129
-6.030132533133283
-6.028007001750437
-6.025881470367592
-6.0237559389847455
-6.021630407601901
-6.019504876219054
-6.017379344836209
-6.015253813453363
-6.013128282070517
-6.0110027506876715
-6.008877219304826
-6.00675168792198
-6.004626156539135
-6.002500625156289
-6.000375093773442
-5.998249562390598
-5.996124031007752
-5.993998499624906
-5.99187296824206
-5.989747436859215
-5.987621905476368
-5.985496374093523
-5.983370842710677
-5.981245311327832
-5.979119779944986
-5.976994248562141
-5.9748687171792945
-5.972743185796449
-5.970617654413603
-5.9684921230307575
-5.966366591647912
-5.964241060265065
-5.9621155288822205
-5.959989997499374
-5.957864466116529
-5.9557389347336835
-5.953613403350838
-5.951487871967991
-5.949362340585146
-5.9472368092023
-5.945111277819454
-5.942985746436609
-5.940860215053764
-5.938734683670917
-5.936609152288072
-5.934483620905226
-5.93235808952238
-5.930232558139535
-5.928107026756688
-5.925981495373843
-5.923855963990997
-5.921730432608152
-5.9196049012253065
-5.917479369842461
-5.915353838459614
-5.913228307076769
-5.911102775693923
-5.908977244311077
-5.906851712928232
-5.904726181545387
-5.90260065016254
-5.900475118779695
-5.898349587396849
-5.896224056014003
-5.894098524631158
-5.891972993248311
-5.889847461865466
-5.88772193048262
-5.885596399099775
-5.8834708677169285
-5.881345336334084
-5.879219804951237
-5.877094273568392
-5.874968742185546
-5.8728432108027
-5.870717679419855
-5.868592148037009
-5.866466616654163
-5.864341085271318
-5.862215553888472
-5.860090022505626
-5.857964491122781
-5.855838959739935
-5.853713428357089
-5.851587896974243
-5.849462365591398
-5.847336834208551
-5.845211302825707
-5.84308577144286
-5.840960240060015
-5.838834708677169
-5.836709177294323
-5.8345836459114775
-5.832458114528632
-5.830332583145786
-5.82820705176294
-5.826081520380095
-5.823955988997249
-5.8218304576144035
-5.819704926231558
-5.817579394848712
-5.815453863465866
-5.81332833208302
-5.811202800700174
-5.80907726931733
-5.806951737934483
-5.804826206551638
-5.802700675168792
-5.800575143785946
-5.7984496124031
-5.796324081020255
-5.794198549637409
-5.7920730182545626
-5.789947486871718
-5.787821955488872
-5.7856964241060265
-5.783570892723181
-5.781445361340335
-5.779319829957489
-5.777194298574644
-5.775068767191797
-5.7729432358089525
-5.770817704426106
-5.768692173043261
-5.766566641660415
-5.764441110277569
-5.762315578894723
-5.760190047511878
-5.758064516129032
-5.755938984746186
-5.753813453363341
-5.751687921980494
-5.749562390597649
-5.747436859214804
-5.745311327831958
-5.7431857964491115
-5.741060265066267
-5.73893473368342
-5.736809202300575
-5.734683670917729
-5.732558139534884
-5.730432608152038
-5.728307076769192
-5.726181545386346
-5.724056014003501
-5.721930482620655
-5.719804951237809
-5.717679419854964
-5.715553888472117
-5.713428357089272
-5.711302825706426
-5.709177294323581
-5.7070517629407345
-5.70492623155789
-5.702800700175043
-5.7006751687921975
-5.698549637409352
-5.696424106026506
-5.6942985746436605
-5.692173043260815
-5.690047511877969
-5.6879219804951235
-5.685796449112278
-5.683670917729432
-5.681545386346587
-5.67941985496374
-5.677294323580895
-5.675168792198049
-5.673043260815204
-5.670917729432357
-5.668792198049513
-5.666666666666666
-5.66454113528382
-5.662415603900975
-5.660290072518129
-5.658164541135283
-5.656039009752439
-5.653913478369592
-5.6517879469867465
-5.649662415603901
-5.647536884221055
-5.6454113528382095
-5.643285821455363
-5.641160290072518
-5.639034758689672
-5.636909227306827
-5.63478369592398
-5.6326581645411355
-5.630532633158289
-5.628407101775443
-5.626281570392598
-5.624156039009752
-5.622030507626906
-5.619904976244061
-5.617779444861215
-5.615653913478369
-5.613528382095524
-5.611402850712678
-5.609277319329832
-5.607151787946986
-5.605026256564141
-5.602900725181295
-5.60077519379845
-5.598649662415603
-5.5965241310327585
-5.594398599649912
-5.592273068267066
-5.590147536884221
-5.588022005501375
-5.585896474118529
-5.583770942735684
-5.581645411352838
-5.579519879969991
-5.577394348587147
-5.575268817204301
-5.573143285821455
-5.571017754438609
-5.568892223055764
-5.5667666916729175
-5.564641160290072
-5.562515628907226
-5.560390097524381
-5.558264566141535
-5.55613903475869
-5.5540135033758435
-5.551887971992998
-5.549762440610152
-5.547636909227307
-5.545511377844461
-5.543385846461614
-5.54126031507877
-5.539134783695924
-5.537009252313078
-5.534883720930233
-5.532758189547387
-5.53063265816454
-5.528507126781695
-5.526381595398849
-5.524256064016004
-5.522130532633158
-5.520005001250313
-5.5178794698674665
-5.515753938484621
-5.513628407101775
-5.5115028757189295
-5.509377344336084
-5.507251812953237
-5.5051262815703925
-5.503000750187546
-5.500875218804701
-5.4987496874218555
-5.49662415603901
-5.494498624656163
-5.492373093273318
-5.490247561890472
-5.488122030507626
-5.485996499124781
-5.483870967741936
-5.481745436359089
-5.479619904976244
-5.477494373593398
-5.475368842210552
-5.473243310827707
-5.47111777944486
-5.4689922480620154
-5.466866716679169
-5.464741185296324
-5.462615653913478
-5.460490122530633
-5.458364591147786
-5.4562390597649415
-5.454113528382095
-5.451987996999249
-5.449862465616404
-5.447736934233558
-5.445611402850712
-5.443485871467867
-5.441360340085021
-5.439234808702175
-5.43710927731933
-5.434983745936484
-5.432858214553638
-5.430732683170792
-5.428607151787947
-5.4264816204051005
-5.424356089022256
-5.422230557639409
-5.420105026256564
-5.417979494873718
-5.415853963490872
-5.413728432108027
-5.411602900725181
-5.409477369342335
-5.40735183795949
-5.405226306576644
-5.403100775193798
-5.400975243810953
-5.398849712428107
-5.396724181045261
-5.394598649662415
-5.39247311827957
-5.390347586896723
-5.388222055513879
-5.386096524131032
-5.383970992748187
-5.381845461365341
-5.379719929982495
-5.3775943985996495
-5.375468867216804
-5.373343335833958
-5.371217804451112
-5.369092273068267
-5.366966741685421
-5.3648412103025755
-5.36271567891973
-5.360590147536884
-5.358464616154038
-5.356339084771193
-5.354213553388346
-5.352088022005502
-5.349962490622655
-5.34783695923981
-5.345711427856964
-5.343585896474118
-5.341460365091272
-5.339334833708427
-5.337209302325581
-5.3350837709427354
-5.33295823955989
-5.330832708177043
-5.3287071767941985
-5.326581645411353
-5.324456114028507
-5.322330582645661
-5.320205051262816
-5.318079519879969
-5.315953988497124
-5.313828457114278
-5.311702925731433
-5.309577394348587
-5.307451862965741
-5.305326331582895
-5.30320080020005
-5.301075268817204
-5.298949737434358
-5.296824206051513
-5.294698674668666
-5.292573143285821
-5.290447611902976
-5.28832208052013
-5.2861965491372835
-5.284071017754439
-5.281945486371592
-5.279819954988747
-5.277694423605901
-5.275568892223056
-5.27344336084021
-5.271317829457364
-5.269192298074518
-5.267066766691673
-5.264941235308827
-5.262815703925981
-5.260690172543136
-5.258564641160289
-5.256439109777444
-5.254313578394598
-5.252188047011753
-5.2500625156289065
-5.247936984246062
-5.245811452863215
-5.2436859214803695
-5.241560390097524
-5.239434858714678
-5.2373093273318325
-5.235183795948988
-5.233058264566141
-5.2309327331832955
-5.22880720180045
-5.226681670417604
-5.224556139034759
-5.222430607651912
-5.220305076269067
-5.218179544886221
-5.216054013503376
-5.213928482120529
-5.211802950737685
-5.209677419354838
-5.207551887971992
-5.205426356589147
-5.203300825206301
-5.2011752938234554
-5.19904976244061
-5.196924231057764
-5.1947986996749185
-5.192673168292073
-5.190547636909227
-5.1884221055263815
-5.186296574143535
-5.18417104276069
-5.182045511377844
-5.179919979994999
-5.177794448612152
-5.1756689172293076
-5.173543385846461
-5.171417854463615
-5.16929232308077
-5.167166791697924
-5.165041260315078
-5.162915728932233
-5.160790197549387
-5.158664666166541
-5.156539134783696
-5.15441360340085
-5.152288072018004
-5.150162540635158
-5.148037009252313
-5.145911477869467
-5.143785946486622
-5.141660415103775
-5.1395348837209305
-5.137409352338084
-5.135283820955238
-5.133158289572393
-5.131032758189547
-5.128907226806701
-5.126781695423856
-5.12465616404101
-5.122530632658163
-5.120405101275319
-5.118279569892473
-5.116154038509627
-5.114028507126781
-5.111902975743936
-5.1097774443610895
-5.107651912978244
-5.105526381595398
-5.103400850212553
-5.101275318829707
-5.099149787446862
-5.0970242560640155
-5.09489872468117
-5.092773193298324
-5.090647661915479
-5.088522130532633
-5.086396599149786
-5.084271067766942
-5.082145536384095
-5.08002000500125
-5.077894473618405
-5.075768942235559
-5.073643410852712
-5.071517879469867
-5.069392348087021
-5.0672668167041754
-5.06514128532133
-5.063015753938485
-5.0608902225556385
-5.058764691172793
-5.056639159789947
-5.0545136284071015
-5.052388097024256
-5.050262565641409
-5.0481370342585645
-5.046011502875718
-5.043885971492873
-5.0417604401100276
-5.039634908727182
-5.037509377344335
-5.03538384596149
-5.033258314578644
-5.031132783195798
-5.029007251812953
-5.026881720430108
-5.024756189047261
-5.022630657664416
-5.02050512628157
-5.018379594898724
-5.016254063515879
-5.014128532133032
-5.0120030007501875
-5.009877469367341
-5.007751937984496
-5.00562640660165
-5.003500875218805
-5.001375343835958
-4.9992498124531135
-4.997124281070267
-4.994998749687421
-4.992873218304576
-4.99074768692173
-4.988622155538884
-4.986496624156039
-4.984371092773193
-4.982245561390347
-4.980120030007502
-4.977994498624656
-4.97586896724181
-4.973743435858964
-4.971617904476119
-4.9694923730932725
-4.967366841710428
-4.965241310327581
-4.963115778944736
-4.96099024756189
-4.958864716179044
-4.956739184796199
-4.954613653413353
-4.952488122030507
-4.950362590647661
-4.948237059264816
-4.94611152788197
-4.943985996499125
-4.941860465116279
-4.939734933733433
-4.937609402350587
-4.935483870967741
-4.9333583395848954
-4.931232808202051
-4.929107276819204
-4.926981745436359
-4.924856214053513
-4.922730682670667
-4.9206051512878215
-4.918479619904976
-4.91635408852213
-4.914228557139284
-4.912103025756439
-4.909977494373593
-4.9078519629907476
-4.905726431607902
-4.903600900225056
-4.90147536884221
-4.899349837459365
-4.897224306076518
-4.895098774693674
-4.892973243310827
-4.890847711927982
-4.888722180545136
-4.88659664916229
-4.884471117779444
-4.882345586396599
-4.880220055013753
-4.8780945236309075
-4.875968992248062
-4.873843460865215
-4.8717179294823705
-4.869592398099525
-4.867466866716679
-4.865341335333833
-4.863215803950988
-4.861090272568141
-4.858964741185296
-4.85683920980245
-4.854713678419605
-4.852588147036759
-4.850462615653913
-4.848337084271067
-4.846211552888222
-4.844086021505376
-4.84196049012253
-4.839834958739685
-4.837709427356838
-4.835583895973993
-4.833458364591147
-4.831332833208302
-4.8292073018254555
-4.827081770442611
-4.824956239059764
-4.822830707676919
-4.820705176294073
-4.818579644911227
-4.816454113528382
-4.814328582145536
-4.81220305076269
-4.810077519379845
-4.807951987996999
-4.805826456614153
-4.803700925231308
-4.801575393848461
-4.799449862465616
-4.79732433108277
-4.795198799699925
-4.7930732683170785
-4.790947736934234
-4.788822205551387
-4.7866966741685415
-4.784571142785696
-4.78244561140285
-4.7803200800200045
-4.77819454863716
-4.776069017254313
-4.7739434858714676
-4.771817954488622
-4.769692423105776
-4.767566891722931
-4.765441360340084
-4.763315828957239
-4.761190297574393
-4.759064766191548
-4.756939234808701
-4.754813703425857
-4.75268817204301
-4.750562640660164
-4.748437109277319
-4.746311577894473
-4.7441860465116275
-4.742060515128782
-4.739934983745936
-4.7378094523630905
-4.735683920980245
-4.733558389597399
-4.7314328582145535
-4.729307326831707
-4.727181795448862
-4.725056264066016
-4.722930732683171
-4.720805201300324
-4.71867966991748
-4.716554138534633
-4.714428607151787
-4.712303075768942
-4.710177544386096
-4.70805201300325
-4.705926481620405
-4.703800950237559
-4.7016754188547125
-4.699549887471868
-4.697424356089022
-4.695298824706176
-4.69317329332333
-4.691047761940485
-4.688922230557639
-4.686796699174793
-4.684671167791947
-4.6825456364091025
-4.680420105026256
-4.678294573643411
-4.676169042260565
-4.674043510877719
-4.671917979494873
-4.669792448112028
-4.667666916729182
-4.6655413853463354
-4.663415853963491
-4.661290322580645
-4.659164791197799
-4.657039259814954
-4.654913728432108
-4.6527881970492615
-4.650662665666416
-4.64853713428357
-4.646411602900725
-4.644286071517879
-4.642160540135034
-4.6400350087521876
-4.637909477369342
-4.635783945986496
-4.633658414603651
-4.631532883220805
-4.629407351837958
-4.627281820455114
-4.625156289072267
-4.623030757689422
-4.620905226306577
-4.618779694923731
-4.616654163540884
-4.614528632158039
-4.612403100775193
-4.6102775693923475
-4.608152038009502
-4.606026506626657
-4.6039009752438105
-4.601775443860965
-4.599649912478119
-4.5975243810952735
-4.595398849712428
-4.593273318329581
-4.5911477869467365
-4.58902225556389
-4.586896724181045
-4.584771192798199
-4.582645661415354
-4.580520130032507
-4.578394598649663
-4.576269067266816
-4.57414353588397
-4.572018004501125
-4.569892473118279
-4.567766941735433
-4.565641410352588
-4.563515878969742
-4.561390347586896
-4.559264816204051
-4.557139284821205
-4.5550137534383595
-4.552888222055513
-4.550762690672668
-4.548637159289822
-4.546511627906977
-4.54438609652413
-4.5422605651412855
-4.540135033758439
-4.538009502375593
-4.535883970992748
-4.533758439609902
-4.531632908227056
-4.529507376844211
-4.527381845461365
-4.525256314078519
-4.523130782695674
-4.521005251312828
-4.518879719929982
-4.516754188547136
-4.514628657164291
-4.5125031257814445
-4.5103775943986
-4.508252063015753
-4.506126531632908
-4.504001000250062
-4.501875468867216
-4.499749937484371
-4.497624406101525
-4.495498874718679
-4.493373343335834
-4.491247811952988
-4.489122280570142
-4.486996749187297
-4.484871217804451
-4.482745686421605
-4.480620155038759
-4.478494623655914
-4.476369092273068
-4.474243560890222
-4.472118029507376
-4.4699924981245305
-4.467866966741685
-4.465741435358839
-4.4636159039759935
-4.461490372593148
-4.459364841210302
-4.4572393098274565
-4.455113778444611
-4.452988247061765
-4.45086271567892
-4.448737184296074
-4.446611652913228
-4.444486121530382
-4.442360590147537
-4.44023505876469
-4.438109527381845
-4.435983995998999
-4.433858464616153
-4.431732933233308
-4.429607401850462
-4.427481870467616
-4.425356339084771
-4.423230807701925
-4.4211052763190795
-4.418979744936234
-4.416854213553388
-4.414728682170542
-4.412603150787697
-4.410477619404851
-4.408352088022005
-4.40622655663916
-4.404101025256313
-4.401975493873468
-4.399849962490622
-4.397724431107776
-4.395598899724931
-4.393473368342085
-4.391347836959239
-4.389222305576394
-4.387096774193548
-4.384971242810702
-4.382845711427857
-4.380720180045011
-4.378594648662165
-4.37646911727932
-4.374343585896473
-4.3722180545136275
-4.370092523130783
-4.367966991747936
-4.365841460365091
-4.363715928982245
-4.361590397599399
-4.359464866216554
-4.357339334833708
-4.355213803450862
-4.353088272068017
-4.350962740685171
-4.348837209302325
-4.34671167791948
-4.344586146536634
-4.342460615153788
-4.340335083770943
-4.338209552388096
-4.3360840210052505
-4.333958489622406
-4.331832958239559
-4.3297074268567135
-4.327581895473868
-4.325456364091022
-4.3233308327081765
-4.321205301325331
-4.319079769942485
-4.31695423855964
-4.314828707176794
-4.312703175793948
-4.310577644411103
-4.308452113028256
-4.306326581645411
-4.304201050262566
-4.302075518879719
-4.299949987496874
-4.297824456114028
-4.295698924731182
-4.293573393348336
-4.291447861965491
-4.289322330582645
-4.2871967991997995
-4.285071267816954
-4.282945736434108
-4.2808202050512625
-4.278694673668417
-4.276569142285571
-4.2744436109027255
-4.272318079519879
-4.270192548137034
-4.268067016754188
-4.265941485371342
-4.263815953988497
-4.261690422605651
-4.259564891222805
-4.257439359839959
-4.255313828457114
-4.253188297074268
-4.251062765691422
-4.248937234308577
-4.246811702925731
-4.244686171542885
-4.24256064016004
-4.240435108777193
-4.238309577394348
-4.236184046011503
-4.234058514628656
-4.231932983245811
-4.229807451862966
-4.227681920480119
-4.225556389097274
-4.223430857714429
-4.221305326331582
-4.219179794948737
-4.217054263565892
-4.214928732183045
-4.2128032008002
-4.210677669417354
-4.208552138034508
-4.206426606651663
-4.204301075268816
-4.202175543885971
-4.200050012503126
-4.197924481120279
-4.1957989497374335
-4.193673418354589
-4.191547886971742
-4.1894223555888965
-4.187296824206052
-4.185171292823205
-4.1830457614403596
-4.180920230057514
-4.178794698674668
-4.176669167291823
-4.174543635908977
-4.172418104526131
-4.170292573143286
-4.16816704176044
-4.166041510377593
-4.163915978994749
-4.161790447611902
-4.159664916229056
-4.157539384846212
-4.155413853463365
-4.1532883220805195
-4.151162790697674
-4.149037259314828
-4.1469117279319825
-4.144786196549137
-4.142660665166291
-4.1405351337834455
-4.1384096024006
-4.136284071017753
-4.1341585396349085
-4.132033008252063
-4.129907476869216
-4.127781945486372
-4.125656414103525
-4.123530882720679
-4.121405351337835
-4.119279819954988
-4.117154288572142
-4.115028757189297
-4.112903225806451
-4.110777694423605
-4.10865216304076
-4.106526631657914
-4.104401100275068
-4.102275568892223
-4.100150037509376
-4.0980245061265315
-4.095898974743686
-4.093773443360839
-4.0916479119779945
-4.089522380595149
-4.087396849212302
-4.0852713178294575
-4.083145786446611
-4.081020255063765
-4.07889472368092
-4.076769192298074
-4.074643660915228
-4.072518129532383
-4.070392598149537
-4.068267066766691
-4.066141535383846
-4.064016004000999
-4.061890472618154
-4.059764941235309
-4.057639409852462
-4.055513878469617
-4.053388347086772
-4.051262815703925
-4.0491372843210796
-4.047011752938234
-4.044886221555388
-4.042760690172543
-4.040635158789697
-4.038509627406851
-4.036384096024006
-4.034258564641159
-4.032133033258314
-4.030007501875469
-4.027881970492622
-4.025756439109777
-4.023630907726932
-4.021505376344085
-4.0193798449612395
-4.017254313578395
-4.015128782195548
-4.0130032508127025
-4.010877719429858
-4.008752188047011
-4.0066266566641655
-4.004501125281319
-4.002375593898474
-4.0002500625156285
-3.998124531132782
-3.995998999749937
-3.9938734683670916
-3.991747936984245
-3.9896224056014002
-3.9874968742185546
-3.985371342835708
-3.9832458114528624
-3.9811202800700176
-3.978994748687171
-3.9768692173043254
-3.9747436859214806
-3.972618154538634
-3.9704926231557884
-3.9683670917729437
-3.966241560390097
-3.9641160290072515
-3.961990497624405
-3.95986496624156
-3.9577394348587145
-3.955613903475868
-3.953488372093023
-3.9513628407101775
-3.949237309327331
-3.9471117779444853
-3.9449862465616405
-3.942860715178794
-3.9407351837959483
-3.9386096524131036
-3.936484121030257
-3.9343585896474114
-3.9322330582645657
-3.93010752688172
-3.9279819954988744
-3.925856464116028
-3.923730932733183
-3.9216054013503374
-3.919479869967491
-3.917354338584645
-3.9152288072018004
-3.913103275818954
-3.9109777444361082
-3.9088522130532635
-3.906726681670417
-3.9046011502875713
-3.9024756189047256
-3.90035008752188
-3.8982245561390343
-3.8960990247561886
-3.893973493373343
-3.8918479619904973
-3.8897224306076517
-3.887596899224805
-3.8854713678419603
-3.883345836459114
-3.881220305076268
-3.8790947736934234
-3.876969242310577
-3.874843710927731
-3.8727181795448864
-3.87059264816204
-3.868467116779194
-3.8663415853963485
-3.864216054013503
-3.862090522630657
-3.8599649912478116
-3.857839459864966
-3.8557139284821202
-3.8535883970992746
-3.851462865716428
-3.8493373343335833
-3.8472118029507367
-3.845086271567891
-3.8429607401850463
-3.8408352088021998
-3.838709677419354
-3.8365841460365093
-3.834458614653663
-3.832333083270817
-3.8302075518879715
-3.828082020505126
-3.82595648912228
-3.8238309577394345
-3.821705426356589
-3.819579894973743
-3.8174543635908975
-3.815328832208051
-3.813203300825206
-3.8110777694423605
-3.808952238059514
-3.8068267066766692
-3.8047011752938227
-3.802575643910977
-3.8004501125281314
-3.7983245811452857
-3.79619904976244
-3.7940735183795944
-3.7919479869967487
-3.789822455613903
-3.7876969242310574
-3.785571392848211
-3.783445861465366
-3.7813203300825204
-3.779194798699674
-3.777069267316829
-3.7749437359339835
-3.772818204551137
-3.7706926731682913
-3.7685671417854465
-3.7664416104026
-3.7643160790197543
-3.7621905476369086
-3.760065016254063
-3.7579394848712173
-3.7558139534883708
-3.753688422105526
-3.7515628907226803
-3.749437359339834
-3.747311827956989
-3.7451862965741434
-3.743060765191297
-3.740935233808452
-3.7388097024256064
-3.73668417104276
-3.734558639659914
-3.7324331082770694
-3.730307576894223
-3.728182045511377
-3.7260565141285316
-3.723930982745686
-3.7218054513628402
-3.7196799199799937
-3.717554388597149
-3.7154288572143033
-3.7133033258314567
-3.711177794448612
-3.7090522630657663
-3.7069267316829198
-3.704801200300075
-3.7026756689172293
-3.7005501375343828
-3.698424606151537
-3.6962990747686923
-3.694173543385846
-3.692048012003
-3.6899224806201554
-3.687796949237309
-3.685671417854463
-3.6835458864716166
-3.681420355088772
-3.679294823705926
-3.6771692923230797
-3.675043760940235
-3.6729182295573892
-3.6707926981745427
-3.668667166791697
-3.6665416354088523
-3.6644161040260057
-3.66229057264316
-3.6601650412603153
-3.6580395098774687
-3.655913978494623
-3.6537884471117774
-3.6516629157289318
-3.649537384346086
-3.6474118529632396
-3.645286321580395
-3.643160790197549
-3.6410352588147026
-3.638909727431857
-3.636784196049012
-3.6346586646661656
-3.63253313328332
-3.630407601900475
-3.6282820705176286
-3.626156539134783
-3.624031007751938
-3.6219054763690917
-3.619779944986246
-3.6176544136034003
-3.6155288822205547
-3.613403350837709
-3.6112778194548634
-3.6091522880720177
-3.607026756689172
-3.6049012253063255
-3.60277569392348
-3.600650162540635
-3.5985246311577885
-3.596399099774943
-3.594273568392098
-3.5921480370092516
-3.590022505626406
-3.587896974243561
-3.5857714428607146
-3.583645911477869
-3.5815203800950233
-3.5793948487121776
-3.577269317329332
-3.5751437859464863
-3.5730182545636406
-3.570892723180795
-3.5687671917979493
-3.5666416604151028
-3.564516129032258
-3.5623905976494115
-3.560265066266566
-3.558139534883721
-3.5560140035008745
-3.553888472118029
-3.551762940735183
-3.5496374093523375
-3.547511877969492
-3.545386346586646
-3.5432608152038005
-3.541135283820955
-3.5390097524381092
-3.5368842210552627
-3.534758689672418
-3.5326331582895723
-3.5305076269067257
-3.528382095523881
-3.5262565641410344
-3.5241310327581887
-3.522005501375343
-3.5198799699924974
-3.5177544386096518
-3.515628907226806
-3.5135033758439604
-3.511377844461115
-3.509252313078269
-3.5071267816954226
-3.505001250312578
-3.502875718929732
-3.5007501875468856
-3.498624656164041
-3.496499124781195
-3.4943735933983486
-3.492248062015504
-3.490122530632658
-3.4879969992498117
-3.485871467866966
-3.4837459364841203
-3.4816204051012747
-3.479494873718429
-3.4773693423355834
-3.4752438109527377
-3.473118279569892
-3.4709927481870455
-3.4688672168042007
-3.466741685421355
-3.4646161540385085
-3.4624906226556638
-3.460365091272818
-3.4582395598899716
-3.456114028507127
-3.453988497124281
-3.4518629657414346
-3.449737434358589
-3.4476119029757433
-3.4454863715928976
-3.443360840210052
-3.4412353088272063
-3.4391097774443606
-3.436984246061515
-3.4348587146786684
-3.4327331832958237
-3.430607651912978
-3.4284821205301315
-3.4263565891472867
-3.424231057764441
-3.4221055263815945
-3.419979994998749
-3.417854463615904
-3.4157289322330575
-3.413603400850212
-3.411477869467367
-3.4093523380845205
-3.407226806701675
-3.4051012753188283
-3.4029757439359836
-3.400850212553138
-3.3987246811702914
-3.3965991497874466
-3.394473618404601
-3.3923480870217544
-3.3902225556389087
-3.388097024256064
-3.3859714928732174
-3.3838459614903718
-3.381720430107527
-3.3795948987246804
-3.377469367341835
-3.37534383595899
-3.3732183045761435
-3.371092773193298
-3.368967241810452
-3.3668417104276065
-3.364716179044761
-3.3625906476619143
-3.3604651162790695
-3.358339584896224
-3.3562140535133773
-3.3540885221305317
-3.351962990747687
-3.3498374593648403
-3.3477119279819947
-3.34558639659915
-3.3434608652163034
-3.3413353338334577
-3.339209802450613
-3.3370842710677664
-3.3349587396849207
-3.332833208302075
-3.3307076769192294
-3.3285821455363838
-3.326456614153537
-3.3243310827706924
-3.322205551387847
-3.3200800200050002
-3.3179544886221546
-3.31582895723931
-3.3137034258564633
-3.3115778944736176
-3.309452363090773
-3.3073268317079263
-3.3052013003250806
-3.303075768942235
-3.3009502375593893
-3.2988247061765437
-3.296699174793698
-3.2945736434108523
-3.2924481120280067
-3.290322580645161
-3.2881970492623145
-3.2860715178794697
-3.283945986496623
-3.2818204551137775
-3.2796949237309327
-3.277569392348086
-3.2754438609652405
-3.273318329582395
-3.2711927981995492
-3.2690672668167036
-3.266941735433858
-3.2648162040510122
-3.2626906726681666
-3.260565141285321
-3.2584396099024744
-3.2563140785196296
-3.254188547136784
-3.2520630157539374
-3.2499374843710926
-3.247811952988246
-3.2456864216054004
-3.2435608902225557
-3.241435358839709
-3.2393098274568635
-3.237184296074018
-3.235058764691172
-3.2329332333083265
-3.230807701925481
-3.228682170542635
-3.2265566391597895
-3.224431107776944
-3.2223055763940973
-3.2201800450112525
-3.218054513628407
-3.2159289822455603
-3.2138034508627156
-3.21167791947987
-3.2095523880970234
-3.2074268567141786
-3.205301325331332
-3.2031757939484864
-3.2010502625656407
-3.198924731182795
-3.1967991997999494
-3.1946736684171038
-3.192548137034258
-3.1904226056514124
-3.188297074268567
-3.1861715428857202
-3.1840460115028755
-3.18192048012003
-3.1797949487371833
-3.1776694173543385
-3.175543885971493
-3.1734183545886463
-3.1712928232058006
-3.169167291822956
-3.1670417604401093
-3.1649162290572637
-3.162790697674418
-3.1606651662915723
-3.1585396349087267
-3.15641410352588
-3.1542885721430354
-3.1521630407601897
-3.150037509377343
-3.1479119779944984
-3.1457864466116527
-3.143660915228806
-3.1415353838459605
-3.1394098524631158
-3.1372843210802692
-3.1351587896974236
-3.133033258314579
-3.1309077269317322
-3.1287821955488866
-3.12665666416604
-3.1245311327831953
-3.1224056014003496
-3.120280070017503
-3.1181545386346583
-3.1160290072518126
-3.113903475868966
-3.1117779444861213
-3.1096524131032757
-3.107526881720429
-3.1054013503375835
-3.1032758189547387
-3.101150287571892
-3.0990247561890465
-3.0968992248062017
-3.094773693423355
-3.0926481620405095
-3.0905226306576647
-3.088397099274818
-3.0862715678919725
-3.084146036509126
-3.0820205051262812
-3.0798949737434356
-3.077769442360589
-3.0756439109777443
-3.0735183795948986
-3.071392848212052
-3.0692673168292064
-3.0671417854463616
-3.065016254063515
-3.0628907226806694
-3.0607651912978247
-3.058639659914978
-3.0565141285321324
-3.054388597149287
-3.052263065766441
-3.0501375343835955
-3.048012003000749
-3.045886471617904
-3.0437609402350585
-3.041635408852212
-3.0395098774693663
-3.0373843460865215
-3.035258814703675
-3.0331332833208293
-3.0310077519379846
-3.028882220555138
-3.0267566891722923
-3.0246311577894467
-3.022505626406601
-3.0203800950237554
-3.0182545636409097
-3.016129032258064
-3.0140035008752184
-3.0118779694923727
-3.009752438109526
-3.0076269067266814
-3.005501375343835
-3.0033758439609892
-3.0012503125781445
-2.999124781195298
-2.9969992498124522
-2.9948737184296075
-2.992748187046761
-2.9906226556639153
-2.9884971242810696
-2.986371592898224
-2.9842460615153783
-2.9821205301325326
-2.979994998749687
-2.9778694673668413
-2.9757439359839957
-2.973618404601149
-2.9714928732183044
-2.9693673418354587
-2.967241810452612
-2.9651162790697674
-2.962990747686921
-2.960865216304075
-2.9587396849212304
-2.956614153538384
-2.954488622155538
-2.9523630907726925
-2.950237559389847
-2.9481120280070012
-2.9459864966241556
-2.94386096524131
-2.9417354338584643
-2.9396099024756186
-2.937484371092772
-2.9353588397099273
-2.9332333083270816
-2.931107776944235
-2.9289822455613903
-2.9268567141785438
-2.924731182795698
-2.9226056514128524
-2.920480120030007
-2.918354588647161
-2.9162290572643155
-2.91410352588147
-2.911977994498624
-2.9098524631157785
-2.907726931732932
-2.905601400350087
-2.9034758689672415
-2.901350337584395
-2.89922480620155
-2.8970992748187046
-2.894973743435858
-2.8928482120530123
-2.8907226806701676
-2.888597149287321
-2.8864716179044754
-2.8843460865216297
-2.882220555138784
-2.8800950237559384
-2.877969492373092
-2.875843960990247
-2.8737184296074014
-2.871592898224555
-2.86946736684171
-2.8673418354588645
-2.865216304076018
-2.863090772693173
-2.8609652413103275
-2.858839709927481
-2.8567141785446353
-2.8545886471617905
-2.852463115778944
-2.8503375843960983
-2.8482120530132526
-2.846086521630407
-2.8439609902475613
-2.841835458864715
-2.83970992748187
-2.8375843960990244
-2.835458864716178
-2.833333333333333
-2.8312078019504874
-2.829082270567641
-2.826956739184796
-2.8248312078019504
-2.822705676419104
-2.820580145036258
-2.8184546136534134
-2.816329082270567
-2.8142035508877212
-2.8120780195048765
-2.80995248812203
-2.8078269567391843
-2.8057014253563377
-2.803575893973493
-2.8014503625906473
-2.7993248312078007
-2.797199299824956
-2.7950737684421103
-2.7929482370592638
-2.790822705676418
-2.7886971742935733
-2.786571642910727
-2.784446111527881
-2.7823205801450364
-2.78019504876219
-2.778069517379344
-2.7759439859964985
-2.773818454613653
-2.771692923230807
-2.7695673918479615
-2.767441860465116
-2.76531632908227
-2.7631907976994237
-2.761065266316578
-2.7589397349337332
-2.7568142035508867
-2.754688672168041
-2.7525631407851963
-2.7504376094023497
-2.748312078019504
-2.7461865466366593
-2.7440610152538127
-2.741935483870967
-2.7398099524881214
-2.7376844211052758
-2.73555888972243
-2.7334333583395845
-2.731307826956739
-2.729182295573893
-2.7270567641910466
-2.724931232808201
-2.722805701425356
-2.7206801700425096
-2.718554638659664
-2.716429107276819
-2.7143035758939726
-2.712178044511127
-2.710052513128282
-2.7079269817454357
-2.70580145036259
-2.7036759189797444
-2.7015503875968987
-2.699424856214053
-2.6972993248312074
-2.6951737934483617
-2.693048262065516
-2.6909227306826704
-2.688797199299824
-2.686671667916979
-2.6845461365341325
-2.682420605151287
-2.680295073768442
-2.6781695423855956
-2.67604401100275
-2.6739184796199043
-2.6717929482370586
-2.669667416854213
-2.6675418854713673
-2.6654163540885216
-2.663290822705676
-2.6611652913228303
-2.6590397599399838
-2.656914228557139
-2.6547886971742933
-2.652663165791447
-2.650537634408602
-2.6484121030257555
-2.64628657164291
-2.644161040260064
-2.6420355088772185
-2.639909977494373
-2.637784446111527
-2.6356589147286815
-2.633533383345836
-2.63140785196299
-2.6292823205801437
-2.627156789197299
-2.6250312578144532
-2.6229057264316067
-2.620780195048762
-2.6186546636659163
-2.6165291322830697
-2.614403600900225
-2.6122780695173793
-2.6101525381345327
-2.608027006751687
-2.6059014753688414
-2.6037759439859958
-2.60165041260315
-2.5995248812203045
-2.597399349837459
-2.595273818454613
-2.5931482870717666
-2.591022755688922
-2.588897224306076
-2.5867716929232296
-2.584646161540385
-2.582520630157539
-2.5803950987746926
-2.578269567391848
-2.576144036009002
-2.5740185046261557
-2.57189297324331
-2.5697674418604652
-2.5676419104776187
-2.565516379094773
-2.5633908477119274
-2.5612653163290817
-2.559139784946236
-2.5570142535633895
-2.5548887221805447
-2.552763190797699
-2.5506376594148525
-2.5485121280320078
-2.546386596649162
-2.5442610652663156
-2.54213553388347
-2.540010002500625
-2.5378844711177786
-2.535758939734933
-2.533633408352088
-2.5315078769692416
-2.529382345586396
-2.5272568142035494
-2.5251312828207046
-2.523005751437859
-2.5208802200550124
-2.5187546886721677
-2.516629157289322
-2.5145036259064755
-2.51237809452363
-2.510252563140785
-2.5081270317579385
-2.506001500375093
-2.503875968992248
-2.5017504376094015
-2.499624906226556
-2.497499374843711
-2.4953738434608645
-2.493248312078019
-2.4911227806951732
-2.4889972493123276
-2.486871717929482
-2.4847461865466354
-2.4826206551637906
-2.480495123780945
-2.4783695923980984
-2.4762440610152527
-2.474118529632408
-2.4719929982495614
-2.4698674668667158
-2.467741935483871
-2.4656164041010245
-2.463490872718179
-2.461365341335334
-2.4592398099524875
-2.457114278569642
-2.454988747186796
-2.4528632158039505
-2.450737684421105
-2.4486121530382583
-2.4464866216554135
-2.444361090272568
-2.4422355588897213
-2.4401100275068757
-2.437984496124031
-2.4358589647411844
-2.4337334333583387
-2.431607901975494
-2.4294823705926474
-2.4273568392098017
-2.425231307826956
-2.4231057764441104
-2.4209802450612647
-2.418854713678419
-2.4167291822955734
-2.4146036509127278
-2.412478119529882
-2.4103525881470356
-2.408227056764191
-2.4061015253813443
-2.4039759939984986
-2.401850462615654
-2.3997249312328073
-2.3975993998499616
-2.395473868467116
-2.3933483370842703
-2.3912228057014246
-2.389097274318579
-2.3869717429357333
-2.3848462115528877
-2.382720680170042
-2.3805951487871955
-2.3784696174043507
-2.376344086021505
-2.3742185546386585
-2.3720930232558137
-2.369967491872968
-2.3678419604901215
-2.3657164291072768
-2.36359089772443
-2.3614653663415845
-2.359339834958739
-2.3572143035758932
-2.3550887721930476
-2.352963240810202
-2.3508377094273563
-2.3487121780445106
-2.346586646661665
-2.3444611152788184
-2.3423355838959736
-2.340210052513128
-2.3380845211302814
-2.3359589897474367
-2.333833458364591
-2.3317079269817444
-2.3295823955988997
-2.327456864216053
-2.3253313328332075
-2.323205801450362
-2.321080270067516
-2.3189547386846705
-2.316829207301825
-2.314703675918979
-2.3125781445361335
-2.310452613153288
-2.3083270817704413
-2.3062015503875966
-2.304076019004751
-2.3019504876219044
-2.2998249562390596
-2.297699424856214
-2.2955738934733674
-2.2934483620905217
-2.291322830707677
-2.2891972993248304
-2.2870717679419847
-2.284946236559139
-2.2828207051762934
-2.2806951737934478
-2.2785696424106012
-2.2764441110277565
-2.274318579644911
-2.2721930482620643
-2.2700675168792195
-2.267941985496374
-2.2658164541135273
-2.2636909227306816
-2.261565391347837
-2.2594398599649903
-2.2573143285821446
-2.2551887971993
-2.2530632658164533
-2.2509377344336077
-2.248812203050761
-2.2466866716679164
-2.2445611402850707
-2.242435608902224
-2.2403100775193794
-2.2381845461365337
-2.236059014753687
-2.2339334833708424
-2.2318079519879968
-2.22968242060515
-2.2275568892223045
-2.22543135783946
-2.2233058264566132
-2.2211802950737676
-2.219054763690923
-2.2169292323080763
-2.2148037009252306
-2.212678169542386
-2.2105526381595393
-2.2084271067766936
-2.206301575393847
-2.2041760440110023
-2.2020505126281567
-2.19992498124531
-2.1977994498624653
-2.1956739184796197
-2.193548387096773
-2.1914228557139275
-2.1892973243310827
-2.187171792948236
-2.1850462615653905
-2.1829207301825457
-2.180795198799699
-2.1786696674168535
-2.176544136034008
-2.174418604651162
-2.1722930732683166
-2.170167541885471
-2.1680420105026252
-2.1659164791197796
-2.163790947736933
-2.1616654163540874
-2.1595398849712426
-2.157414353588396
-2.1552888222055504
-2.1531632908227056
-2.151037759439859
-2.1489122280570134
-2.1467866966741678
-2.144661165291322
-2.1425356339084765
-2.140410102525631
-2.138284571142785
-2.1361590397599395
-2.134033508377094
-2.1319079769942473
-2.1297824456114025
-2.127656914228556
-2.1255313828457103
-2.1234058514628655
-2.121280320080019
-2.1191547886971733
-2.1170292573143286
-2.114903725931482
-2.1127781945486364
-2.1106526631657907
-2.108527131782945
-2.1064016004000994
-2.1042760690172537
-2.102150537634408
-2.1000250062515624
-2.0978994748687168
-2.09577394348587
-2.0936484121030254
-2.0915228807201798
-2.0893973493373332
-2.0872718179544885
-2.085146286571642
-2.0830207551887963
-2.0808952238059515
-2.078769692423105
-2.0766441610402593
-2.0745186296574136
-2.072393098274568
-2.0702675668917223
-2.0681420355088767
-2.066016504126031
-2.0638909727431853
-2.0617654413603397
-2.059639909977493
-2.0575143785946484
-2.0553888472118027
-2.053263315828956
-2.0511377844461114
-2.049012253063265
-2.046886721680419
-2.0447611902975735
-2.042635658914728
-2.040510127531882
-2.0383845961490366
-2.036259064766191
-2.0341335333833452
-2.0320080020004996
-2.029882470617653
-2.0277569392348083
-2.0256314078519626
-2.023505876469116
-2.0213803450862713
-2.0192548137034256
-2.017129282320579
-2.0150037509377334
-2.0128782195548887
-2.010752688172042
-2.0086271567891965
-2.006501625406351
-2.004376094023505
-2.0022505626406595
-2.000125031257813
-1.9979994998749682
-1.9958739684921225
-1.993748437109276
-1.9916229057264312
-1.9894973743435855
-1.987371842960739
-1.9852463115778942
-1.9831207801950486
-1.980995248812202
-1.9788697174293564
-1.9767441860465116
-1.974618654663665
-1.9724931232808194
-1.9703675918979746
-1.968242060515128
-1.9661165291322824
-1.9639909977494359
-1.961865466366591
-1.9597399349837454
-1.957614403600899
-1.9554888722180541
-1.9533633408352085
-1.951237809452362
-1.9491122780695171
-1.9469867466866715
-1.944861215303825
-1.9427356839209793
-1.9406101525381345
-1.938484621155288
-1.9363590897724423
-1.9342335583895975
-1.932108027006751
-1.9299824956239053
-1.9278569642410588
-1.925731432858214
-1.9236059014753684
-1.9214803700925218
-1.919354838709677
-1.9172293073268314
-1.9151037759439848
-1.9129782445611392
-1.9108527131782944
-1.9087271817954479
-1.9066016504126022
-1.9044761190297574
-1.902350587646911
-1.9002250562640652
-1.8980995248812196
-1.895973993498374
-1.8938484621155283
-1.8917229307326826
-1.889597399349837
-1.8874718679669913
-1.8853463365841447
-1.883220805201299
-1.8810952738184543
-1.8789697424356078
-1.8768442110527621
-1.8747186796699173
-1.8725931482870708
-1.8704676169042251
-1.8683420855213804
-1.8662165541385338
-1.8640910227556882
-1.8619654913728425
-1.8598399599899968
-1.8577144286071512
-1.8555888972243055
-1.8534633658414599
-1.8513378344586142
-1.8492123030757677
-1.847086771692922
-1.8449612403100772
-1.8428357089272307
-1.840710177544385
-1.8385846461615403
-1.8364591147786937
-1.834333583395848
-1.8322080520130033
-1.8300825206301568
-1.827956989247311
-1.8258314578644654
-1.8237059264816198
-1.8215803950987741
-1.8194548637159285
-1.8173293323330828
-1.8152038009502371
-1.8130782695673915
-1.810952738184545
-1.8088272068017002
-1.8067016754188536
-1.804576144036008
-1.8024506126531632
-1.8003250812703167
-1.798199549887471
-1.7960740185046253
-1.7939484871217797
-1.791822955738934
-1.7896974243560884
-1.7875718929732427
-1.785446361590397
-1.7833208302075514
-1.7811952988247048
-1.77906976744186
-1.7769442360590144
-1.7748187046761679
-1.772693173293323
-1.7705676419104766
-1.768442110527631
-1.7663165791447852
-1.7641910477619396
-1.762065516379094
-1.7599399849962483
-1.7578144536134026
-1.755688922230557
-1.7535633908477113
-1.7514378594648647
-1.74931232808202
-1.7471867966991743
-1.7450612653163278
-1.742935733933483
-1.7408102025506373
-1.7386846711677908
-1.736559139784946
-1.7344336084021004
-1.7323080770192538
-1.7301825456364082
-1.7280570142535625
-1.7259314828707168
-1.7238059514878712
-1.7216804201050255
-1.7195548887221799
-1.7174293573393342
-1.7153038259564877
-1.713178294573643
-1.7110527631907972
-1.7089272318079507
-1.706801700425106
-1.7046761690422603
-1.7025506376594137
-1.700425106276569
-1.6982995748937233
-1.6961740435108767
-1.694048512128031
-1.6919229807451863
-1.6897974493623398
-1.6876719179794941
-1.6855463865966485
-1.6834208552138028
-1.6812953238309571
-1.6791697924481106
-1.6770442610652658
-1.6749187296824202
-1.6727931982995736
-1.6706676669167289
-1.6685421355338832
-1.6664166041510367
-1.664291072768191
-1.6621655413853462
-1.6600400100024997
-1.657914478619654
-1.6557889472368092
-1.6536634158539627
-1.651537884471117
-1.6494123530882705
-1.6472868217054257
-1.64516129032258
-1.6430357589397335
-1.6409102275568888
-1.638784696174043
-1.6366591647911966
-1.634533633408351
-1.6324081020255061
-1.6302825706426596
-1.628157039259814
-1.6260315078769692
-1.6239059764941226
-1.621780445111277
-1.6196549137284322
-1.6175293823455856
-1.61540385096274
-1.6132783195798943
-1.6111527881970487
-1.609027256814203
-1.6069017254313565
-1.6047761940485117
-1.602650662665666
-1.6005251312828195
-1.5983995998999738
-1.596274068517129
-1.5941485371342825
-1.5920230057514368
-1.589897474368592
-1.5877719429857455
-1.5856464116028999
-1.583520880220055
-1.5813953488372086
-1.579269817454363
-1.5771442860715172
-1.5750187546886716
-1.572893223305826
-1.5707676919229794
-1.5686421605401346
-1.566516629157289
-1.5643910977744424
-1.5622655663915967
-1.560140035008752
-1.5580145036259054
-1.5558889722430598
-1.553763440860215
-1.5516379094773685
-1.5495123780945228
-1.5473868467116771
-1.5452613153288315
-1.5431357839459858
-1.5410102525631402
-1.5388847211802945
-1.5367591897974489
-1.5346336584146032
-1.5325081270317567
-1.5303825956489119
-1.5282570642660653
-1.5261315328832197
-1.524006001500375
-1.5218804701175284
-1.5197549387346827
-1.517629407351837
-1.5155038759689914
-1.5133783445861457
-1.5112528132033
-1.5091272818204544
-1.5070017504376088
-1.504876219054763
-1.5027506876719166
-1.5006251562890718
-1.4984996249062261
-1.4963740935233796
-1.4942485621405348
-1.4921230307576892
-1.4899974993748426
-1.4878719679919978
-1.4857464366091513
-1.4836209052263056
-1.48149537384346
-1.4793698424606143
-1.4772443110777687
-1.475118779694923
-1.4729932483120773
-1.4708677169292317
-1.468742185546386
-1.4666166541635395
-1.4644911227806947
-1.462365591397849
-1.4602400600150025
-1.4581145286321577
-1.455988997249312
-1.4538634658664655
-1.4517379344836208
-1.4496124031007742
-1.4474868717179286
-1.445361340335083
-1.4432358089522372
-1.4411102775693916
-1.438984746186546
-1.4368592148037003
-1.4347336834208546
-1.432608152038009
-1.4304826206551624
-1.4283570892723176
-1.426231557889472
-1.4241060265066254
-1.4219804951237807
-1.419854963740935
-1.4177294323580885
-1.4156039009752428
-1.413478369592398
-1.4113528382095515
-1.4092273068267058
-1.4071017754438602
-1.4049762440610145
-1.4028507126781689
-1.4007251812953223
-1.3985996499124775
-1.3964741185296319
-1.3943485871467853
-1.3922230557639406
-1.390097524381095
-1.3879719929982484
-1.3858464616154027
-1.383720930232558
-1.3815953988497114
-1.3794698674668657
-1.377344336084021
-1.3752188047011744
-1.3730932733183288
-1.3709677419354822
-1.3688422105526374
-1.3667166791697918
-1.3645911477869452
-1.3624656164041005
-1.3603400850212548
-1.3582145536384083
-1.3560890222555635
-1.3539634908727178
-1.3518379594898713
-1.3497124281070256
-1.3475868967241809
-1.3454613653413343
-1.3433358339584887
-1.3412103025756439
-1.3390847711927973
-1.3369592398099517
-1.334833708427107
-1.3327081770442604
-1.3305826456614147
-1.3284571142785682
-1.3263315828957234
-1.3242060515128777
-1.3220805201300312
-1.3199549887471864
-1.3178294573643408
-1.3157039259814942
-1.3135783945986486
-1.3114528632158038
-1.3093273318329572
-1.3072018004501116
-1.3050762690672668
-1.3029507376844203
-1.3008252063015746
-1.298699674918729
-1.2965741435358833
-1.2944486121530376
-1.292323080770192
-1.2901975493873463
-1.2880720180045007
-1.2859464866216541
-1.2838209552388085
-1.2816954238559637
-1.2795698924731171
-1.2774443610902715
-1.2753188297074267
-1.2731932983245802
-1.2710677669417345
-1.2689422355588889
-1.2668167041760432
-1.2646911727931975
-1.2625656414103519
-1.2604401100275062
-1.2583145786446606
-1.256189047261815
-1.2540635158789684
-1.2519379844961236
-1.249812453113277
-1.2476869217304314
-1.2455613903475866
-1.24343585896474
-1.2413103275818944
-1.2391847961990496
-1.237059264816203
-1.2349337334333574
-1.2328082020505118
-1.2306826706676661
-1.2285571392848205
-1.2264316079019748
-1.2243060765191291
-1.2221805451362835
-1.2200550137534378
-1.2179294823705913
-1.2158039509877465
-1.2136784196049009
-1.2115528882220543
-1.2094273568392095
-1.207301825456363
-1.2051762940735173
-1.2030507626906726
-1.200925231307826
-1.1987996999249804
-1.1966741685421347
-1.194548637159289
-1.1924231057764434
-1.1902975743935977
-1.188172043010752
-1.1860465116279064
-1.1839209802450608
-1.1817954488622142
-1.1796699174793694
-1.1775443860965238
-1.1754188547136772
-1.1732933233308325
-1.171167791947986
-1.1690422605651403
-1.1669167291822946
-1.164791197799449
-1.1626656664166033
-1.1605401350337576
-1.158414603650912
-1.1562890722680663
-1.1541635408852207
-1.1520380095023741
-1.1499124781195293
-1.1477869467366837
-1.1456614153538371
-1.1435358839709924
-1.1414103525881467
-1.1392848212053002
-1.1371592898224545
-1.1350337584396097
-1.1329082270567632
-1.1307826956739175
-1.1286571642910719
-1.1265316329082262
-1.1244061015253806
-1.122280570142534
-1.1201550387596892
-1.1180295073768436
-1.115903975993997
-1.1137784446111523
-1.1116529132283066
-1.10952738184546
-1.1074018504626153
-1.1052763190797696
-1.103150787696923
-1.1010252563140774
-1.0988997249312327
-1.0967741935483861
-1.0946486621655405
-1.0925231307826957
-1.0903975993998491
-1.0882720680170035
-1.086146536634157
-1.0840210052513122
-1.0818954738684665
-1.07976994248562
-1.0776444111027752
-1.0755188797199295
-1.073393348337083
-1.0712678169542382
-1.0691422855713926
-1.067016754188546
-1.0648912228057004
-1.0627656914228556
-1.060640160040009
-1.0585146286571634
-1.0563890972743186
-1.054263565891472
-1.0521380345086264
-1.0500125031257799
-1.047886971742935
-1.0457614403600894
-1.043635908977243
-1.0415103775943981
-1.0393848462115525
-1.037259314828706
-1.0351337834458603
-1.0330082520630155
-1.030882720680169
-1.0287571892973233
-1.0266316579144785
-1.024506126531632
-1.0223805951487863
-1.0202550637659407
-1.018129532383095
-1.0160040010002493
-1.0138784696174037
-1.011752938234558
-1.0096274068517124
-1.0075018754688658
-1.0053763440860202
-1.0032508127031754
-1.0011252813203289
-0.9989997499374832
-0.9968742185546384
-0.9947486871717919
-0.9926231557889462
-0.9904976244061015
-0.9883720930232549
-0.9862465616404092
-0.9841210302575636
-0.9819954988747179
-0.9798699674918723
-0.9777444361090266
-0.975618904726181
-0.9734933733433353
-0.9713678419604888
-0.9692423105776431
-0.9671167791947983
-0.9649912478119518
-0.9628657164291061
-0.9607401850462614
-0.9586146536634148
-0.9564891222805691
-0.9543635908977244
-0.9522380595148778
-0.9501125281320322
-0.9479869967491865
-0.9458614653663409
-0.9437359339834952
-0.9416104026006495
-0.9394848712178039
-0.9373593398349582
-0.9352338084521126
-0.933108277069266
-0.9309827456864213
-0.9288572143035747
-0.926731682920729
-0.9246061515378843
-0.9224806201550377
-0.9203550887721921
-0.9182295573893464
-0.9161040260065008
-0.9139784946236551
-0.9118529632408094
-0.9097274318579638
-0.9076019004751181
-0.9054763690922725
-0.9033508377094259
-0.9012253063265812
-0.8990997749437355
-0.896974243560889
-0.8948487121780442
-0.8927231807951985
-0.890597649412352
-0.8884721180295063
-0.8863465866466607
-0.884221055263815
-0.8820955238809693
-0.8799699924981237
-0.877844461115278
-0.8757189297324324
-0.8735933983495858
-0.8714678669667411
-0.8693423355838954
-0.8672168042010489
-0.8650912728182041
-0.8629657414353584
-0.8608402100525119
-0.8587146786696671
-0.8565891472868215
-0.8544636159039749
-0.8523380845211292
-0.8502125531382836
-0.8480870217554379
-0.8459614903725923
-0.8438359589897466
-0.841710427606901
-0.8395848962240553
-0.8374593648412088
-0.835333833458364
-0.8332083020755183
-0.8310827706926718
-0.828957239309827
-0.8268317079269814
-0.8247061765441348
-0.82258064516129
-0.8204551137784444
-0.8183295823955978
-0.8162040510127522
-0.8140785196299074
-0.8119529882470609
-0.8098274568642152
-0.8077019254813695
-0.8055763940985239
-0.8034508627156782
-0.8013253313328317
-0.7991997999499869
-0.7970742685671413
-0.7949487371842947
-0.7928232058014499
-0.7906976744186043
-0.7885721430357577
-0.7864466116529121
-0.7843210802700673
-0.7821955488872208
-0.7800700175043751
-0.7779444861215303
-0.7758189547386838
-0.7736934233558381
-0.7715678919729916
-0.7694423605901468
-0.7673168292073012
-0.7651912978244546
-0.7630657664416098
-0.7609402350587642
-0.7588147036759176
-0.756689172293072
-0.7545636409102272
-0.7524381095273807
-0.750312578144535
-0.7481870467616902
-0.7460615153788437
-0.743935983995998
-0.7418104526131533
-0.7396849212303067
-0.737559389847461
-0.7354338584646154
-0.7333083270817697
-0.7311827956989241
-0.7290572643160775
-0.7269317329332328
-0.7248062015503871
-0.7226806701675406
-0.7205551387846949
-0.7184296074018501
-0.7163040760190036
-0.7141785446361579
-0.7120530132533132
-0.7099274818704666
-0.707801950487621
-0.7056764191047762
-0.7035508877219296
-0.701425356339084
-0.6992998249562383
-0.6971742935733927
-0.695048762190547
-0.6929232308077014
-0.6907976994248557
-0.68867216804201
-0.6865466366591635
-0.6844211052763178
-0.6822955738934731
-0.6801700425106265
-0.6780445111277809
-0.6759189797449361
-0.6737934483620895
-0.6716679169792439
-0.6695423855963982
-0.6674168542135526
-0.6652913228307069
-0.6631657914478613
-0.6610402600650156
-0.6589147286821699
-0.6567891972993243
-0.6546636659164777
-0.652538134533633
-0.6504126031507864
-0.6482870717679408
-0.646161540385096
-0.6440360090022494
-0.6419104776194038
-0.6397849462365581
-0.6376594148537125
-0.6355338834708668
-0.6334083520880212
-0.6312828207051755
-0.6291572893223298
-0.6270317579394842
-0.6249062265566376
-0.6227806951737929
-0.6206551637909472
-0.6185296324081007
-0.6164041010252559
-0.6142785696424102
-0.6121530382595637
-0.6100275068767189
-0.6079019754938724
-0.6057764441110267
-0.603650912728181
-0.6015253813453354
-0.5993998499624897
-0.5972743185796441
-0.5951487871967984
-0.5930232558139528
-0.5908977244311071
-0.5887721930482606
-0.5866466616654158
-0.5845211302825701
-0.5823955988997236
-0.5802700675168788
-0.5781445361340332
-0.5760190047511866
-0.5738934733683418
-0.5717679419854953
-0.5696424106026496
-0.567516879219804
-0.5653913478369583
-0.5632658164541127
-0.561140285071267
-0.5590147536884214
-0.5568892223055757
-0.55476369092273
-0.5526381595398835
-0.5505126281570387
-0.5483870967741931
-0.5462615653913465
-0.5441360340085017
-0.5420105026256561
-0.5398849712428095
-0.5377594398599639
-0.5356339084771191
-0.5335083770942726
-0.5313828457114269
-0.5292573143285813
-0.5271317829457356
-0.5250062515628899
-0.5228807201800434
-0.5207551887971986
-0.518629657414353
-0.5165041260315064
-0.5143785946486616
-0.512253063265816
-0.5101275318829694
-0.5080020005001238
-0.505876469117279
-0.5037509377344325
-0.5016254063515868
-0.49949987496874115
-0.4973743435858946
-0.49524881220304984
-0.49312328082020507
-0.4909977494373585
-0.48887221805451375
-0.4867466866716672
-0.48462115528882066
-0.4824956239059759
-0.48037009252312934
-0.4782445611402846
-0.47611902975743803
-0.47399349837459326
-0.4718679669917467
-0.46974243560890194
-0.4676169042260554
-0.4654913728432106
-0.4633658414603641
-0.46124031007751753
-0.45911477869467276
-0.456989247311828
-0.45486371592898145
-0.4527381845461367
-0.45061265316329013
-0.4484871217804436
-0.4463615903975988
-0.44423605901475227
-0.4421105276319075
-0.43998499624906096
-0.4378594648662162
-0.43573393348336964
-0.43360840210052487
-0.4314828707176783
-0.42935733933483355
-0.427231807951987
-0.42510627656914046
-0.4229807451862957
-0.4208552138034509
-0.4187296824206044
-0.4166041510377596
-0.41447861965491306
-0.4123530882720665
-0.41022755688922174
-0.4081020255063752
-0.40597649412353043
-0.4038509627406839
-0.4017254313578391
-0.39959989997499257
-0.3974743685921478
-0.39534883720930125
-0.3932233058264565
-0.39109777444360994
-0.3889722430607634
-0.3868467116779186
-0.38472118029507385
-0.3825956489122273
-0.38047011752938076
-0.378344586146536
-0.37621905476368944
-0.3740935233808447
-0.3719679919979981
-0.36984246061515336
-0.3677169292323068
-0.36559139784946026
-0.3634658664666155
-0.3613403350837707
-0.3592148037009242
-0.3570892723180794
-0.35496374093523286
-0.3528382095523863
-0.35071267816954155
-0.3485871467866968
-0.34646161540385023
-0.3443360840210037
-0.3422105526381589
-0.34008502125531237
-0.3379594898724676
-0.33583395848962283
-0.3337084271067763
-0.33158289572392974
-0.3294573643410832
-0.3273318329582384
-0.32520630157539365
-0.3230807701925471
-0.32095523880970234
-0.3188297074268558
-0.31670417604400924
-0.3145786446611645
-0.3124531132783197
-0.31032758189547316
-0.3082020505126266
-0.30607651912978184
-0.3039509877469353
-0.3018254563640905
-0.299699924981244
-0.2975743935983992
-0.29544886221555267
-0.2933233308327079
-0.29119779944986135
-0.2890722680670166
-0.28694673668417003
-0.2848212053013235
-0.2826956739184787
-0.28057014253563217
-0.2784446111527874
-0.27631907976994263
-0.2741935483870961
-0.27206801700424954
-0.26994248562140477
-0.2678169542385582
-0.26569142285571345
-0.2635658914728669
-0.26144036009002214
-0.2593148287071756
-0.2571892973243308
-0.2550637659414843
-0.2529382345586395
-0.25081270317579296
-0.24868717179294642
-0.24656164041010165
-0.2444361090272551
-0.24231057764441033
-0.24018504626156556
-0.23805951487871901
-0.23593398349587247
-0.2338084521130277
-0.23168292073018115
-0.22955738934733638
-0.22743185796448984
-0.22530632658164507
-0.22318079519879852
-0.22105526381595375
-0.2189297324331072
-0.21680420105026244
-0.2146786696674159
-0.21255313828456934
-0.21042760690172457
-0.20830207551887803
-0.20617654413603326
-0.2040510127531885
-0.20192548137034194
-0.1997999499874954
-0.19767441860465063
-0.19554888722180408
-0.1934233558389593
-0.19129782445611276
-0.189172293073268
-0.18704676169042145
-0.18492123030757668
-0.18279569892473013
-0.18067016754188536
-0.17854463615903882
-0.17641910477619227
-0.1742935733933475
-0.17216804201050095
-0.17004251062765618
-0.16791697924481142
-0.16579144786196487
-0.16366591647911832
-0.16154038509627355
-0.159414853713427
-0.15728932233058224
-0.1551637909477357
-0.15303825956489092
-0.15091272818204438
-0.1487871967991996
-0.14666166541635306
-0.1445361340335083
-0.14241060265066174
-0.1402850712678152
-0.13815953988497043
-0.13603400850212566
-0.1339084771192791
-0.13178294573643257
-0.1296574143535878
-0.12753188297074125
-0.12540635158789648
-0.12328082020504993
-0.12115528882220516
-0.11902975743935862
-0.11690422605651207
-0.1147786946736673
-0.11265316329082253
-0.11052763190797599
-0.10840210052513122
-0.10627656914228467
-0.10415103775943813
-0.10202550637659336
-0.09989997499374859
-0.09777444361090204
-0.0956489122280555
-0.09352338084521072
-0.09139784946236418
-0.08927231807951941
-0.08714678669667286
-0.08502125531382809
-0.08289572393098155
-0.080770192548135
-0.07864466116529023
-0.07651912978244546
-0.07439359839959891
-0.07226806701675415
-0.0701425356339076
-0.06801700425106105
-0.06589147286821628
-0.06376594148537151
-0.06164041010252497
-0.05951487871967842
-0.05738934733683365
-0.055263815953987105
-0.053138284571142336
-0.05101275318829579
-0.04888722180545102
-0.046761690422604474
-0.04463615903975793
-0.04251062765691316
-0.04038509627406839
-0.03825956489122184
-0.036134033508375296
-0.034008502125530526
-0.03188297074268398
-0.02975743935983921
-0.02763190797699444
-0.025506376594147895
-0.02338084521130135
-0.02125531382845658
-0.019129782445610033
-0.017004251062765263
-0.014878719679918717
-0.012753188297073947
-0.010627656914227401
-0.008502125531380855
-0.0063765941485360855
-0.004251062765691316
-0.0021255313828447697
0.