10 1.019969048e-09
15 1.002251355e-09
20 9.783332746e-10
25 9.490231742e-10
30 9.151294194e-10
35 8.774603763e-10
40 8.368244108e-10
45 7.940298891e-10
50 7.498851770e-10
55 7.051924407e-10
60 6.607290471e-10
65 6.172661630e-10
70 5.755749555e-10
75 5.363660571e-10
80 5.001079631e-10
85 4.672086345e-10
90 4.380760322e-10
95 4.131181172e-10
100 3.927428505e-10
105 3.772418312e-10
110 3.664412120e-10
115 3.600507836e-10
120 3.577803369e-10
125 3.593396628e-10
130 3.644385522e-10
135 3.727867958e-10
140 3.840941845e-10
145 3.980705092e-10
150 4.144255608e-10
155 4.328385730e-10
160 4.528665514e-10
165 4.740359448e-10
170 4.958732017e-10
175 5.179047708e-10
180 5.396571006e-10
185 5.606566398e-10
190 5.804298370e-10
195 5.985031409e-10
200 6.144030000e-10
205 6.277370552e-10
210 6.384377167e-10
215 6.465185866e-10
220 6.519932673e-10
225 6.548753612e-10
230 6.551784705e-10
235 6.529161976e-10
240 6.481021447e-10
245 6.407499142e-10
250 6.308731085e-10
255 6.185401174e-10
260 6.040384817e-10
265 5.877105299e-10
270 5.698985902e-10
275 5.509449912e-10
280 5.311920611e-10
285 5.109821284e-10
290 4.906575215e-10
295 4.705605687e-10
300 4.510335985e-10
305 4.323872637e-10
310 4.148055152e-10
315 3.984406280e-10
320 3.834448776e-10
325 3.699705391e-10
330 3.581698878e-10
335 3.481951988e-10
340 3.401987476e-10
345 3.343328093e-10
350 3.307496591e-10
355 3.295431866e-10
360 3.305737388e-10
365 3.336432769e-10
370 3.385537620e-10
375 3.451071555e-10
380 3.531054185e-10
385 3.623505122e-10
390 3.726443980e-10
395 3.837890370e-10
400 3.955863905e-10
405 4.078340846e-10
410 4.203124057e-10
415 4.327973047e-10
420 4.450647330e-10
425 4.568906418e-10
430 4.680509821e-10
435 4.783217052e-10
440 4.874787622e-10
445 4.952981044e-10
450 5.015556829e-10
455 5.060726927e-10
460 5.088513037e-10
465 5.099389296e-10
470 5.093829842e-10
475 5.072308811e-10
480 5.035300342e-10
485 4.983278570e-10
490 4.916717633e-10
495 4.836091668e-10
500 4.741874813e-10
505 4.634816934e-10
510 4.516770814e-10
515 4.389864967e-10
520 4.256227905e-10
525 4.117988141e-10
530 3.977274188e-10
535 3.836214560e-10
540 3.696937769e-10
545 3.561572327e-10
550 3.432246749e-10
555 3.310860182e-10
560 3.198394322e-10
565 3.095601497e-10
570 3.003234039e-10
575 2.922044277e-10
580 2.852784541e-10
585 2.796207161e-10
590 2.753064467e-10
595 2.724108790e-10
600 2.710092459e-10
605 2.711410447e-10
610 2.727028292e-10
615 2.755554174e-10
620 2.795596274e-10
625 2.845762773e-10
630 2.904661852e-10
635 2.970901690e-10
640 3.043090468e-10
645 3.119836368e-10
650 3.199747568e-10
655 3.281428496e-10
660 3.363468557e-10
665 3.444453402e-10
670 3.522968681e-10
675 3.597600047e-10
680 3.666933150e-10
685 3.729553641e-10
690 3.784047171e-10
695 3.828999391e-10
700 3.862995951e-10
705 3.884924050e-10
710 3.894877065e-10
715 3.893249922e-10
720 3.880437544e-10
725 3.856834857e-10
730 3.822836784e-10
735 3.778838252e-10
740 3.725234183e-10
745 3.662419502e-10
750 3.590789135e-10
755 3.510910035e-10
760 3.424037273e-10
765 3.331597948e-10
770 3.235019161e-10
775 3.135728011e-10
780 3.035151599e-10
785 2.934717025e-10
790 2.835851388e-10
795 2.739981788e-10
800 2.648535326e-10
805 2.562784675e-10
810 2.483384802e-10
815 2.410836250e-10
820 2.345639558e-10
825 2.288295269e-10
830 2.239303923e-10
835 2.199166063e-10
840 2.168382228e-10
845 2.147452962e-10
850 2.136878804e-10
855 2.136907402e-10
860 2.146774833e-10
865 2.165464277e-10
870 2.191958917e-10
875 2.225241934e-10
880 2.264296510e-10
885 2.308105827e-10
890 2.355653066e-10
895 2.405921410e-10
900 2.457894041e-10
905 2.510605798e-10
910 2.563298156e-10
915 2.615264250e-10
920 2.665797212e-10
925 2.714190175e-10
930 2.759736274e-10
935 2.801728641e-10
940 2.839460410e-10
945 2.872224714e-10
950 2.899314687e-10
955 2.920023462e-10
960 2.933644173e-10
965 2.939469952e-10
970 2.936793934e-10
975 2.924909251e-10
980 2.903109038e-10
985 2.870686427e-10
990 2.826934552e-10
995 2.771146546e-10
1000 2.702615542e-10
