10 9.059287275e-11
15 9.723851054e-11
20 1.046367044e-10
25 1.127259962e-10
30 1.214449278e-10
35 1.307320409e-10
40 1.405258775e-10
45 1.507649792e-10
50 1.613878881e-10
55 1.723642462e-10
60 1.837880971e-10
65 1.957845850e-10
70 2.084788538e-10
75 2.219766697e-10
80 2.363062880e-10
85 2.514765861e-10
90 2.674964416e-10
95 2.843747318e-10
100 3.021203343e-10
105 3.207118355e-10
110 3.400066572e-10
115 3.598319302e-10
120 3.800147855e-10
125 4.003823538e-10
130 4.207617658e-10
135 4.409801525e-10
140 4.608646446e-10
145 4.802423729e-10
150 4.989404683e-10
155 5.167899541e-10
160 5.336374242e-10
165 5.493333652e-10
170 5.637282635e-10
175 5.766726056e-10
180 5.880168780e-10
185 5.976115671e-10
190 6.053071595e-10
195 6.109541417e-10
200 6.144030000e-10
205 6.155449910e-10
210 6.144344508e-10
215 6.111664854e-10
220 6.058362009e-10
225 5.985387035e-10
230 5.893690992e-10
235 5.784224940e-10
240 5.657939941e-10
245 5.515787055e-10
250 5.358717342e-10
255 5.187882066e-10
260 5.005233297e-10
265 4.812923304e-10
270 4.613104361e-10
275 4.407928737e-10
280 4.199548706e-10
285 3.990116537e-10
290 3.781784502e-10
295 3.576704873e-10
300 3.377029920e-10
305 3.184721763e-10
310 3.000981903e-10
315 2.826821689e-10
320 2.663252473e-10
325 2.511285601e-10
330 2.371932424e-10
335 2.246204292e-10
340 2.135112552e-10
345 2.039668555e-10
350 1.960883650e-10
355 1.899413874e-10
360 1.854494010e-10
365 1.825003531e-10
370 1.809821908e-10
375 1.807828614e-10
380 1.817903119e-10
385 1.838924896e-10
390 1.869773417e-10
395 1.909328153e-10
400 1.956468576e-10
405 2.010055384e-10
410 2.068874186e-10
415 2.131691815e-10
420 2.197275106e-10
425 2.264390892e-10
430 2.331806010e-10
435 2.398287292e-10
440 2.462601574e-10
445 2.523515689e-10
450 2.579796472e-10
455 2.630402265e-10
460 2.675057444e-10
465 2.713677891e-10
470 2.746179490e-10
475 2.772478124e-10
480 2.792489676e-10
485 2.806130029e-10
490 2.813315066e-10
495 2.813960670e-10
500 2.807982725e-10
505 2.795474650e-10
510 2.777240011e-10
515 2.754259910e-10
520 2.727515451e-10
525 2.697987735e-10
530 2.666657865e-10
535 2.634506943e-10
540 2.602516072e-10
545 2.571666355e-10
550 2.542938893e-10
555 2.517238716e-10
560 2.495166557e-10
565 2.477247078e-10
570 2.464004939e-10
575 2.455964800e-10
580 2.453651322e-10
585 2.457589164e-10
590 2.468302989e-10
595 2.486317456e-10
600 2.512157225e-10
605 2.546143034e-10
610 2.587779927e-10
615 2.636369022e-10
620 2.691211440e-10
625 2.751608300e-10
630 2.816860723e-10
635 2.886269829e-10
640 2.959136736e-10
645 3.034762566e-10
650 3.112448438e-10
655 3.191440870e-10
660 3.270767974e-10
665 3.349403262e-10
670 3.426320244e-10
675 3.500492430e-10
680 3.570893331e-10
685 3.636496459e-10
690 3.696275323e-10
695 3.749203434e-10
700 3.794254304e-10
705 3.830556418e-10
710 3.857858171e-10
715 3.876062930e-10
720 3.885074066e-10
725 3.884794947e-10
730 3.875128942e-10
735 3.855979422e-10
740 3.827249754e-10
745 3.788843308e-10
750 3.740663454e-10
755 3.682781115e-10
760 3.615937435e-10
765 3.541041112e-10
770 3.459000845e-10
775 3.370725333e-10
780 3.277123273e-10
785 3.179103365e-10
790 3.077574307e-10
795 2.973444798e-10
800 2.867623535e-10
805 2.761010373e-10
810 2.654469780e-10
815 2.548857382e-10
820 2.445028803e-10
825 2.343839667e-10
830 2.246145600e-10
835 2.152802225e-10
840 2.064665168e-10
845 1.982590052e-10
850 1.907432502e-10
855 1.839889741e-10
860 1.780025383e-10
865 1.727744640e-10
870 1.682952725e-10
875 1.645554850e-10
880 1.615456227e-10
885 1.592562068e-10
890 1.576777586e-10
895 1.568007993e-10
900 1.566158502e-10
905 1.571035255e-10
910 1.582048122e-10
915 1.598507903e-10
920 1.619725396e-10
925 1.645011402e-10
930 1.673676720e-10
935 1.705032151e-10
940 1.738388494e-10
945 1.773056548e-10
950 1.808347115e-10
955 1.843570992e-10
960 1.878038981e-10
965 1.911061881e-10
970 1.941950491e-10
975 1.970015612e-10
980 1.994568043e-10
985 2.014918584e-10
990 2.030378035e-10
995 2.040257196e-10
1000 2.043866866e-10
