0.01
0.04787757884901896
0.16151031539607585
0.3508982096411707
0.6160412615843034
0.9569394712254741
1.3735928385646827
1.8660013636019295
2.4341650463372133
3.078083886770536
3.797757884901896
4.593187040731294
5.464371354258731
6.411310825484205
7.434005454407718
8.532455241029266
9.706660185348854
10.95662028736648
12.282335547082145
13.683805964495846
15.161031539607585
16.714012272417364
18.34274816292518
20.047239211131036
21.827485417034925
23.683486780636855
25.61524330193682
27.622754980934825
29.706021817630873
31.86504381202495
34.099820964117065
36.41035327390722
38.796640741395414
41.25868336658165
43.79648114946592
46.41003409004823
49.09934218832858
51.86440544430696
54.705223857983384
57.62179742935784
60.61412615843034
63.682210045200875
66.82604908966945
70.04564329183607
73.34099265170072
76.71209716926342
80.15895684452414
83.6815716774829
87.2799416681397
90.95406681649455
94.70394712254742
98.52958258629833
102.43097320774729
106.40811898689428
110.4610199237393
114.58967601828238
118.79408727052349
123.07425368046263
127.4301752480998
131.86185197343502
136.36928385646826
140.95247089719956
145.61141309562888
150.34611045175626
155.15656296558166
160.04277063710512
165.0047334663266
170.04245145324614
175.15592459786367
180.34515290017927
185.6101363601929
190.9508749779046
196.3673687533143
201.85961768642204
207.42762177722784
213.07138102573165
218.79089543193354
224.5861649958334
230.45718971743136
236.40396959672734
242.42650463372135
248.5247948284134
254.6988401808035
260.94864069089164
267.2741963586778
273.67550718416203
280.15257316734426
286.7053943082245
293.33397060680284
300.03830206307924
306.81838867705363
313.67423044872606
320.60582737809654
327.61317946516505
334.6962867099316
341.85514911239613
349.08976667255877
356.4001393904194
363.78626726597815
371.24815029923485
378.78578849018965
386.3991818388425
394.0883303451933
401.8532340092422
409.6938928309891
417.61030681043405
425.6024759475771
433.6704002424181
441.8140796949572
450.0335143051943
458.3287040731295
466.6996489987627
475.14634908209393
483.6688043231232
492.2670147218505
500.9409802782758
509.6907009923992
518.5161768642206
527.4174078937401
536.3943940809576
545.4471354258731
554.5756319284867
563.7798835887983
573.0598904068079
582.4156523825155
591.8471695159212
601.3544418070251
610.9374692558268
620.5962518623267
630.3307896265245
640.1410825484205
650.0271306280144
659.9889338653064
670.0264922602964
680.1398058129846
690.3288745233706
700.5936983914547
710.9342774172369
721.3506116007171
731.8427009418955
742.4105454407717
753.054145097346
763.7734999116184
774.5686098835887
785.4394750132573
796.3860953006237
807.4084707456882
818.5066013484508
829.6804871089114
840.93012802707
852.2555241029266
863.6566753364813
875.1335817277342
886.6862432766849
898.3146599833336
910.0188318476805
921.7987588697255
933.6544410494685
945.5858783869094
957.5930708820484
969.6760185348854
981.8347213454206
994.0691793136536
1006.3793924395849
1018.765360723214
1031.2270841645413
1043.7645627635666
1056.3777965202898
1069.0667854347112
1081.8315295068307
1094.6720287366481
1107.5882831241636
1120.580292669377
1133.6480573722886
1146.7915772328981
1160.0108522512057
1173.3058824272114
1186.6766677609153
1200.123208252317
1213.6455039014165
1227.2435547082146
1240.9173606727102
1254.6669217949043
1268.492238074796
1282.3933095123862
1296.370136107674
1310.4227178606602
1324.551054771344
1338.7551468397264
1353.0349940658064
1367.3905964495846
1381.8219539910608
1396.329066690235
1410.9119345471074
1425.5705575616776
1440.304935733946
1455.1150690639126
1470.0009575515771
1484.9626011969394
1500.