-8.5
-8.491491491491491
-8.482982982982984
-8.474474474474475
-8.465965965965966
-8.457457457457457
-8.44894894894895
-8.44044044044044
-8.431931931931931
-8.423423423423424
-8.414914914914915
-8.406406406406406
-8.397897897897899
-8.38938938938939
-8.38088088088088
-8.372372372372372
-8.363863863863864
-8.355355355355355
-8.346846846846846
-8.338338338338339
-8.32982982982983
-8.32132132132132
-8.312812812812814
-8.304304304304305
-8.295795795795796
-8.287287287287286
-8.27877877877878
-8.27027027027027
-8.261761761761761
-8.253253253253254
-8.244744744744745
-8.236236236236236
-8.227727727727729
-8.21921921921922
-8.21071071071071
-8.202202202202201
-8.193693693693694
-8.185185185185185
-8.176676676676676
-8.168168168168169
-8.15965965965966
-8.15115115115115
-8.142642642642643
-8.134134134134134
-8.125625625625625
-8.117117117117116
-8.108608608608609
-8.1001001001001
-8.091591591591591
-8.083083083083084
-8.074574574574575
-8.066066066066066
-8.057557557557558
-8.04904904904905
-8.04054054054054
-8.032032032032031
-8.023523523523524
-8.015015015015015
-8.006506506506506
-7.997997997997998
-7.98948948948949
-7.980980980980981
-7.9724724724724725
-7.963963963963964
-7.955455455455455
-7.946946946946947
-7.938438438438438
-7.92992992992993
-7.921421421421422
-7.912912912912913
-7.904404404404405
-7.895895895895896
-7.887387387387387
-7.878878878878879
-7.87037037037037
-7.861861861861862
-7.853353353353353
-7.844844844844845
-7.836336336336336
-7.827827827827828
-7.81931931931932
-7.8108108108108105
-7.802302302302302
-7.793793793793794
-7.785285285285285
-7.776776776776777
-7.768268268268268
-7.75975975975976
-7.751251251251251
-7.742742742742743
-7.7342342342342345
-7.7257257257257255
-7.717217217217217
-7.708708708708709
-7.7002002002002
-7.691691691691692
-7.683183183183183
-7.674674674674675
-7.666166166166166
-7.657657657657658
-7.6491491491491495
-7.64064064064064
-7.632132132132132
-7.623623623623624
-7.615115115115115
-7.606606606606607
-7.598098098098098
-7.58958958958959
-7.581081081081081
-7.5725725725725725
-7.564064064064064
-7.555555555555555
-7.547047047047047
-7.538538538538538
-7.53003003003003
-7.521521521521522
-7.513013013013013
-7.504504504504505
-7.495995995995996
-7.4874874874874875
-7.478978978978979
-7.47047047047047
-7.461961961961962
-7.453453453453454
-7.444944944944945
-7.436436436436436
-7.427927927927928
-7.41941941941942
-7.410910910910911
-7.402402402402402
-7.393893893893894
-7.385385385385385
-7.376876876876877
-7.368368368368369
-7.35985985985986
-7.351351351351351
-7.342842842842843
-7.334334334334335
-7.3258258258258255
-7.317317317317317
-7.308808808808809
-7.3003003003003
-7.291791791791792
-7.283283283283284
-7.274774774774775
-7.266266266266266
-7.257757757757758
-7.2492492492492495
-7.2407407407407405
-7.232232232232232
-7.223723723723724
-7.215215215215215
-7.206706706706706
-7.198198198198199
-7.18968968968969
-7.181181181181181
-7.172672672672673
-7.1641641641641645
-7.155655655655655
-7.147147147147147
-7.138638638638639
-7.13013013013013
-7.121621621621621
-7.113113113113114
-7.104604604604605
-7.096096096096096
-7.087587587587588
-7.079079079079079
-7.07057057057057
-7.062062062062062
-7.053553553553554
-7.045045045045045
-7.036536536536536
-7.028028028028028
-7.01951951951952
-7.011011011011011
-7.0025025025025025
-6.993993993993994
-6.985485485485485
-6.976976976976977
-6.968468468468469
-6.95995995995996
-6.951451451451451
-6.942942942942943
-6.934434434434435
-6.925925925925926
-6.9174174174174174
-6.908908908908909
-6.9004004004004
-6.891891891891892
-6.883383383383384
-6.874874874874875
-6.866366366366366
-6.857857857857858
-6.84934934934935
-6.8408408408408405
-6.832332332332332
-6.823823823823824
-6.815315315315315
-6.806806806806807
-6.798298298298299
-6.78978978978979
-6.781281281281281
-6.772772772772773
-6.7642642642642645
-6.7557557557557555
-6.747247247247247
-6.738738738738739
-6.73023023023023
-6.721721721721722
-6.713213213213213
-6.704704704704705
-6.696196196196196
-6.687687687687688
-6.6791791791791795
-6.67067067067067
-6.662162162162162
-6.653653653653654
-6.645145145145145
-6.636636636636637
-6.628128128128128
-6.61961961961962
-6.611111111111111
-6.602602602602603
-6.594094094094094
-6.585585585585585
-6.577077077077077
-6.568568568568569
-6.56006006006006
-6.551551551551552
-6.543043043043043
-6.534534534534535
-6.526026026026026
-6.5175175175175175
-6.509009009009009
-6.5005005005005
-6.491991991991992
-6.483483483483484
-6.474974974974975
-6.466466466466466
-6.457957957957958
-6.44944944944945
-6.440940940940941
-6.4324324324324325
-6.423923923923924
-6.415415415415415
-6.406906906906907
-6.398398398398399
-6.38988988988989
-6.381381381381381
-6.372872872872873
-6.364364364364365
-6.3558558558558556
-6.347347347347347
-6.338838838838839
-6.33033033033033
-6.321821821821822
-6.313313313313314
-6.304804804804805
-6.296296296296296
-6.287787787787788
-6.2792792792792795
-6.2707707707707705
-6.262262262262262
-6.253753753753754
-6.245245245245245
-6.236736736736737
-6.228228228228229
-6.21971971971972
-6.211211211211211
-6.202702702702703
-6.1941941941941945
-6.185685685685685
-6.177177177177177
-6.168668668668669
-6.16016016016016
-6.151651651651652
-6.143143143143143
-6.134634634634635
-6.126126126126126
-6.117617617617618
-6.109109109109109
-6.1006006006006
-6.092092092092092
-6.083583583583584
-6.075075075075075
-6.066566566566567
-6.058058058058058
-6.04954954954955
-6.041041041041041
-6.0325325325325325
-6.024024024024024
-6.015515515515515
-6.007007007007007
-5.998498498498499
-5.98998998998999
-5.981481481481482
-5.972972972972973
-5.964464464464465
-5.955955955955956
-5.9474474474474475
-5.938938938938939
-5.93043043043043
-5.921921921921922
-5.913413413413413
-5.904904904904905
-5.896396396396397
-5.887887887887888
-5.87937937937938
-5.870870870870871
-5.862362362362362
-5.853853853853854
-5.845345345345345
-5.836836836836837
-5.828328328328328
-5.81981981981982
-5.811311311311312
-5.802802802802803
-5.7942942942942945
-5.7857857857857855
-5.777277277277277
-5.768768768768769
-5.76026026026026
-5.751751751751752
-5.743243243243243
-5.734734734734735
-5.726226226226227
-5.717717717717718
-5.7092092092092095
-5.7007007007007005
-5.692192192192192
-5.683683683683684
-5.675175175175175
-5.666666666666667
-5.658158158158158
-5.64964964964965
-5.641141141141142
-5.632632632632633
-5.624124124124124
-5.615615615615615
-5.607107107107107
-5.598598598598598
-5.59009009009009
-5.581581581581582
-5.573073073073073
-5.564564564564565
-5.556056056056056
-5.5475475475475475
-5.539039039039039
-5.53053053053053
-5.522022022022022
-5.513513513513513
-5.505005005005005
-5.496496496496497
-5.487987987987988
-5.47947947947948
-5.470970970970971
-5.4624624624624625
-5.453953953953954
-5.445445445445445
-5.436936936936937
-5.428428428428428
-5.41991991991992
-5.411411411411412
-5.402902902902903
-5.394394394394395
-5.385885885885886
-5.377377377377377
-5.368868868868869
-5.36036036036036
-5.351851851851852
-5.343343343343343
-5.334834834834835
-5.326326326326326
-5.317817817817818
-5.3093093093093096
-5.3008008008008005
-5.292292292292292
-5.283783783783784
-5.275275275275275
-5.266766766766767
-5.258258258258258
-5.24974974974975
-5.241241241241241
-5.232732732732733
-5.2242242242242245
-5.2157157157157155
-5.207207207207207
-5.198698698698699
-5.19019019019019
-5.181681681681682
-5.173173173173173
-5.164664664664665
-5.156156156156156
-5.147647647647648
-5.1391391391391394
-5.13063063063063
-5.122122122122122
-5.113613613613614
-5.105105105105105
-5.096596596596597
-5.088088088088088
-5.07957957957958
-5.071071071071071
-5.0625625625625625
-5.054054054054054
-5.045545545545545
-5.037037037037037
-5.028528528528529
-5.02002002002002
-5.011511511511511
-5.003003003003003
-4.994494494494495
-4.985985985985986
-4.9774774774774775
-4.968968968968969
-4.96046046046046
-4.951951951951952
-4.943443443443444
-4.934934934934935
-4.926426426426426
-4.917917917917918
-4.90940940940941
-4.900900900900901
-4.892392392392392
-4.883883883883884
-4.875375375375375
-4.866866866866867
-4.858358358358359
-4.84984984984985
-4.841341341341341
-4.832832832832833
-4.824324324324325
-4.8158158158158155
-4.807307307307307
-4.798798798798799
-4.79029029029029
-4.781781781781781
-4.773273273273274
-4.764764764764765
-4.756256256256256
-4.747747747747748
-4.7392392392392395
-4.7307307307307305
-4.722222222222222
-4.713713713713714
-4.705205205205205
-4.696696696696696
-4.688188188188189
-4.67967967967968
-4.671171171171171
-4.662662662662663
-4.6541541541541545
-4.645645645645645
-4.637137137137137
-4.628628628628629
-4.62012012012012
-4.611611611611611
-4.603103103103104
-4.594594594594595
-4.586086086086086
-4.5775775775775776
-4.569069069069069
-4.56056056056056
-4.552052052052052
-4.543543543543544
-4.535035035035035
-4.526526526526526
-4.518018018018019
-4.50950950950951
-4.501001001001001
-4.4924924924924925
-4.483983983983984
-4.475475475475475
-4.466966966966967
-4.458458458458458
-4.44994994994995
-4.441441441441441
-4.432932932932933
-4.424424424424425
-4.415915915915916
-4.407407407407407
-4.398898898898899
-4.39039039039039
-4.381881881881882
-4.373373373373373
-4.364864864864865
-4.356356356356356
-4.347847847847848
-4.33933933933934
-4.3308308308308305
-4.322322322322322
-4.313813813813814
-4.305305305305305
-4.296796796796797
-4.288288288288288
-4.27977977977978
-4.271271271271271
-4.262762762762763
-4.2542542542542545
-4.2457457457457455
-4.237237237237237
-4.228728728728729
-4.22022022022022
-4.211711711711712
-4.203203203203203
-4.194694694694695
-4.186186186186186
-4.177677677677678
-4.1691691691691695
-4.16066066066066
-4.152152152152152
-4.143643643643644
-4.135135135135135
-4.126626626626627
-4.118118118118118
-4.10960960960961
-4.101101101101101
-4.092592592592593
-4.084084084084084
-4.075575575575575
-4.067067067067067
-4.058558558558559
-4.05005005005005
-4.041541541541542
-4.033033033033033
-4.024524524524525
-4.016016016016016
-4.0075075075075075
-3.9989989989989994
-3.9904904904904903
-3.981981981981982
-3.973473473473474
-3.964964964964965
-3.956456456456457
-3.947947947947948
-3.9394394394394396
-3.9309309309309306
-3.9224224224224224
-3.9139139139139143
-3.9054054054054053
-3.896896896896897
-3.888388388388389
-3.87987987987988
-3.8713713713713718
-3.8628628628628627
-3.8543543543543546
-3.8458458458458455
-3.8373373373373374
-3.8288288288288284
-3.82032032032032
-3.811811811811812
-3.803303303303304
-3.794794794794795
-3.786286286286286
-3.7777777777777777
-3.7692692692692695
-3.7607607607607605
-3.7522522522522523
-3.7437437437437433
-3.735235235235235
-3.726726726726727
-3.718218218218219
-3.70970970970971
-3.7012012012012008
-3.6926926926926926
-3.6841841841841845
-3.6756756756756754
-3.6671671671671673
-3.6586586586586582
-3.65015015015015
-3.641641641641642
-3.633133133133134
-3.6246246246246248
-3.6161161161161157
-3.6076076076076076
-3.5990990990990994
-3.5905905905905904
-3.5820820820820822
-3.573573573573573
-3.565065065065065
-3.556556556556557
-3.5480480480480487
-3.5395395395395397
-3.5310310310310307
-3.5225225225225225
-3.5140140140140144
-3.5055055055055053
-3.496996996996997
-3.488488488488488
-3.47997997997998
-3.471471471471472
-3.4629629629629637
-3.4544544544544546
-3.4459459459459456
-3.4374374374374375
-3.4289289289289293
-3.4204204204204203
-3.411911911911912
-3.403403403403403
-3.394894894894895
-3.386386386386387
-3.3778778778778786
-3.3693693693693696
-3.3608608608608606
-3.3523523523523524
-3.3438438438438443
-3.335335335335335
-3.326826826826826
-3.318318318318318
-3.30980980980981
-3.3013013013013017
-3.2927927927927936
-3.2842842842842837
-3.2757757757757755
-3.2672672672672673
-3.258758758758759
-3.25025025025025
-3.241741741741741
-3.233233233233233
-3.224724724724725
-3.2162162162162167
-3.2077077077077085
-3.1991991991991986
-3.1906906906906904
-3.1821821821821823
-3.173673673673674
-3.165165165165165
-3.156656656656656
-3.148148148148148
-3.1396396396396398
-3.1311311311311316
-3.1226226226226235
-3.1141141141141135
-3.1056056056056054
-3.0970970970970972
-3.088588588588589
-3.08008008008008
-3.071571571571571
-3.063063063063063
-3.0545545545545547
-3.0460460460460466
-3.0375375375375384
-3.0290290290290285
-3.0205205205205203
-3.012012012012012
-3.003503503503504
-2.994994994994995
-2.986486486486486
-2.977977977977978
-2.9694694694694697
-2.9609609609609615
-2.9524524524524534
-2.9439439439439434
-2.9354354354354353
-2.926926926926927
-2.918418418418419
-2.90990990990991
-2.901401401401401
-2.8928928928928928
-2.8843843843843846
-2.8758758758758765
-2.8673673673673683
-2.8588588588588584
-2.8503503503503502
-2.841841841841842
-2.833333333333334
-2.824824824824825
-2.816316316316316
-2.8078078078078077
-2.7992992992992995
-2.7907907907907914
-2.7822822822822832
-2.7737737737737733
-2.765265265265265
-2.756756756756757
-2.748248248248249
-2.739739739739739
-2.731231231231231
-2.7227227227227226
-2.7142142142142145
-2.7057057057057063
-2.6971971971971964
-2.6886886886886883
-2.68018018018018
-2.671671671671672
-2.663163163163164
-2.654654654654654
-2.6461461461461457
-2.6376376376376376
-2.6291291291291294
-2.6206206206206213
-2.6121121121121114
-2.603603603603603
-2.595095095095095
-2.586586586586587
-2.5780780780780788
-2.569569569569569
-2.5610610610610607
-2.5525525525525525
-2.5440440440440444
-2.5355355355355362
-2.5270270270270263
-2.518518518518518
-2.51001001001001
-2.501501501501502
-2.4929929929929937
-2.484484484484484
-2.4759759759759756
-2.4674674674674675
-2.4589589589589593
-2.450450450450451
-2.4419419419419413
-2.433433433433433
-2.424924924924925
-2.416416416416417
-2.4079079079079087
-2.3993993993993987
-2.3908908908908906
-2.3823823823823824
-2.3738738738738743
-2.365365365365366
-2.356856856856856
-2.348348348348348
-2.33983983983984
-2.3313313313313317
-2.3228228228228236
-2.3143143143143137
-2.3058058058058055
-2.2972972972972974
-2.288788788788789
-2.280280280280281
-2.271771771771771
-2.263263263263263
-2.254754754754755
-2.2462462462462467
-2.2377377377377377
-2.2292292292292286
-2.2207207207207205
-2.2122122122122123
-2.203703703703704
-2.195195195195195
-2.186686686686686
-2.178178178178178
-2.16966966966967
-2.1611611611611616
-2.1526526526526526
-2.1441441441441436
-2.1356356356356354
-2.1271271271271273
-2.118618618618619
-2.11011011011011
-2.101601601601601
-2.093093093093093
-2.0845845845845847
-2.0760760760760766
-2.0675675675675675
-2.0590590590590585
-2.0505505505505504
-2.042042042042042
-2.033533533533534
-2.025025025025025
-2.016516516516516
-2.008008008008008
-1.9994994994994997
-1.9909909909909915
-1.9824824824824825
-1.9739739739739735
-1.9654654654654653
-1.9569569569569571
-1.948448448448449
-1.93993993993994
-1.931431431431431
-1.9229229229229228
-1.9144144144144146
-1.9059059059059065
-1.8973973973973974
-1.8888888888888884
-1.8803803803803802
-1.871871871871872
-1.863363363363364
-1.854854854854855
-1.8463463463463459
-1.8378378378378377
-1.8293293293293296
-1.8208208208208214
-1.8123123123123124
-1.8038038038038033
-1.7952952952952952
-1.786786786786787
-1.778278278278279
-1.7697697697697699
-1.7612612612612608
-1.7527527527527527
-1.7442442442442445
-1.7357357357357364
-1.7272272272272273
-1.7187187187187183
-1.7102102102102101
-1.701701701701702
-1.6931931931931938
-1.6846846846846848
-1.6761761761761758
-1.6676676676676676
-1.6591591591591595
-1.6506506506506504
-1.6421421421421423
-1.6336336336336332
-1.625125125125125
-1.616616616616617
-1.608108108108108
-1.5995995995995997
-1.5910910910910907
-1.5825825825825826
-1.5740740740740744
-1.5655655655655654
-1.5570570570570572
-1.5485485485485482
-1.54004004004004
-1.5315315315315319
-1.5230230230230228
-1.5145145145145147
-1.5060060060060056
-1.4974974974974975
-1.4889889889889893
-1.4804804804804803
-1.4719719719719722
-1.4634634634634631
-1.454954954954955
-1.4464464464464468
-1.4379379379379378
-1.4294294294294296
-1.4209209209209206
-1.4124124124124124
-1.4039039039039043
-1.3953953953953953
-1.386886886886887
-1.378378378378378
-1.36986986986987
-1.3613613613613618
-1.3528528528528527
-1.3443443443443446
-1.3358358358358355
-1.3273273273273274
-1.3188188188188192
-1.3103103103103102
-1.301801801801802
-1.293293293293293
-1.2847847847847849
-1.2762762762762767
-1.2677677677677677
-1.2592592592592595
-1.2507507507507505
-1.2422422422422423
-1.2337337337337342
-1.2252252252252251
-1.216716716716717
-1.208208208208208
-1.1996996996996998
-1.1911911911911917
-1.1826826826826826
-1.1741741741741745
-1.1656656656656654
-1.1571571571571573
-1.1486486486486482
-1.14014014014014
-1.131631631631632
-1.123123123123123
-1.1146146146146148
-1.1061061061061057
-1.0975975975975976
-1.0890890890890894
-1.0805805805805804
-1.0720720720720722
-1.0635635635635632
-1.055055055055055
-1.0465465465465469
-1.0380380380380378
-1.0295295295295297
-1.0210210210210207
-1.0125125125125125
-1.0040040040040044
-0.9954954954954953
-0.9869869869869872
-0.9784784784784781
-0.96996996996997
-0.9614614614614618
-0.9529529529529528
-0.9444444444444446
-0.9359359359359356
-0.9274274274274275
-0.9189189189189193
-0.9104104104104103
-0.9019019019019021
-0.8933933933933931
-0.8848848848848849
-0.8763763763763768
-0.8678678678678677
-0.8593593593593596
-0.8508508508508505
-0.8423423423423424
-0.8338338338338342
-0.8253253253253252
-0.8168168168168171
-0.808308308308308
-0.7997997997997999
-0.7912912912912917
-0.7827827827827827
-0.7742742742742745
-0.7657657657657655
-0.7572572572572573
-0.7487487487487492
-0.7402402402402402
-0.731731731731732
-0.723223223223223
-0.7147147147147148
-0.7062062062062067
-0.6976976976976976
-0.6891891891891895
-0.6806806806806804
-0.6721721721721723
-0.6636636636636641
-0.6551551551551551
-0.646646646646647
-0.6381381381381379
-0.6296296296296298
-0.6211211211211216
-0.6126126126126126
-0.6041041041041044
-0.5955955955955954
-0.5870870870870872
-0.5785785785785791
-0.57007007007007
-0.561561561561561
-0.5530530530530529
-0.5445445445445447
-0.5360360360360366
-0.5275275275275275
-0.5190190190190185
-0.5105105105105103
-0.5020020020020022
-0.49349349349349403
-0.484984984984985
-0.47647647647647595
-0.4679679679679687
-0.45945945945945965
-0.4509509509509506
-0.44244244244244335
-0.4339339339339343
-0.4254254254254253
-0.41691691691691624
-0.408408408408409
-0.39989989989989994
-0.3913913913913909
-0.38288288288288186
-0.3743743743743746
-0.36586586586586556
-0.3573573573573583
-0.34884884884884926
-0.3403403403403402
-0.3318318318318312
-0.3233233233233239
-0.3148148148148149
-0.30630630630630584
-0.2977977977977986
-0.28928928928928954
-0.2807807807807805
-0.27227227227227324
-0.2637637637637642
-0.25525525525525516
-0.24674674674674613
-0.23823823823823886
-0.22972972972972983
-0.2212212212212208
-0.21271271271271175
-0.2042042042042045
-0.19569569569569545
-0.1871871871871882
-0.17867867867867915
-0.1701701701701701
-0.16166166166166107
-0.1531531531531538
-0.14464464464464477
-0.13613613613613573
-0.12762762762762847
-0.11911911911911943
-0.1106106106106104
-0.10210210210210313
-0.0935935935935941
-0.08508508508508505
-0.07657657657657602
-0.06806806806806875
-0.059559559559559716
-0.05105105105105068
-0.04254254254254164
-0.03403403403403438
-0.02552552552552534
-0.0170170170170163
-0.008508508508509038
0.